1024
162.065994
48.828125
25000.000000
-25000.000000
0.000000
0.000000
0.000000
0.000000
0.000000
0.000000
0.000000
0.000000
0.000000
0.000000
0.000000
0.000000
0.000000
0.000000
0.000000
0.000000
0.000000
0.000000
0.000000
0.000000
0.000000
0.000000
0.000000
0.000000
0.000000
0.000000
0.000000
0.000000
0.000000
0.000000
0.000000
0.000000
0.000000
0.000000
0.000000
0.000000
0.000000
0.000000
0.000000
0.000000
0.000000
0.000000
0.000000
0.000000
0.000000
0.000000
0.000000
0.000000
0.000000
0.000000
0.000000
0.000000
0.000000
0.000000
0.000000
0.000000
0.000000
0.000000
0.000000
0.000000
0.000000
0.000000
0.000000
0.000000
0.000000
0.000000
0.000000
0.000000
0.000000
0.000000
0.000000
0.000000
0.000000
0.000000
0.000000
0.000000
0.000000
0.000000
0.000000
0.000000
0.000000
0.000000
0.000000
0.000000
0.000000
0.000000
0.000000
0.000000
0.000000
0.000000
0.000000
0.000000
0.000000
0.000000
0.000000
0.000000
0.000000
0.000000
0.000000
0.000000
0.000000
0.000000
0.000000
0.000000
0.000000
0.000000
0.000000
0.000000
0.000000
0.000000
0.000000
0.000000
0.000000
0.000000
0.000000
0.000000
0.000000
0.000000
0.000000
0.000000
0.000000
0.000000
0.000000
0.000000
0.000000
0.000000
0.000000
0.000000
0.000000
0.000000
0.000000
0.000000
0.000000
0.000000
0.000000
0.000000
0.000000
0.000000
0.000000
0.000000
0.000000
0.000000
0.000000
0.000000
0.000000
0.000000
0.000000
0.000000
0.000000
0.000000
0.000000
0.000000
0.000000
0.000000
0.000000
0.000000
0.000000
0.000000
0.000000
0.000000
0.000000
0.000000
0.000000
0.000000
0.000000
0.000000
0.000000
0.000000
0.000000
0.000000
0.000000
0.000000
0.000000
0.000000
0.000000
0.000000
0.000000
0.000000
0.000000
0.000000
0.000000
0.000000
0.000000
0.000000
0.000000
0.000000
0.000000
0.000000
0.000000
0.000000
0.000000
0.000000
0.000000
0.000000
0.000000
0.000000
0.000000
0.000000
0.000000
0.000000
0.000000
0.000000
0.000000
0.000000
0.000000
0.000000
0.000000
0.000000
0.000000
0.000000
0.000000
0.000000
0.000000
0.000000
0.000000
0.000000
0.000000
0.000000
0.000000
0.000000
0.000000
0.000000
0.000000
0.000000
0.000000
0.000000
0.000000
0.000000
0.000000
0.000000
0.000000
0.000000
0.000000
0.000000
0.000000
0.000000
0.000000
0.000000
0.000000
0.000000
0.000000
0.000000
0.000000
0.000000
0.000000
0.000000
0.000000
0.000000
0.000000
0.000000
0.000000
0.000000
0.000000
0.000000
0.000000
0.000000
0.000000
0.000000
0.000000
0.000000
0.000000
0.000000
0.000000
0.000000
0.000000
0.000000
0.000000
0.000000
0.000000
0.000000
0.000000
0.000000
0.000000
0.000000
0.000000
0.000000
0.000000
0.000000
0.000000
0.000000
0.000000
0.000000
0.000000
0.000000
0.000000
0.000000
0.000000
0.000000
0.000000
0.000000
0.000000
0.000000
0.000000
0.000000
0.000000
0.000000
0.000000
0.000000
0.000000
0.000000
0.000000
0.000000
0.000000
0.000000
0.000000
0.000000
0.000000
0.000000
0.000000
0.000000
0.000000
0.000000
0.000000
0.000000
0.000000
0.000000
0.000000
0.000000
0.000000
0.000000
0.000000
0.000000
0.000000
0.000000
0.000000
0.000000
0.000000
0.000000
0.000000
0.000000
0.000000
0.000000
0.000000
0.000000
0.000000
0.000000
0.000000
0.000000
0.000000
0.000000
0.000000
0.000000
0.000000
0.000000
0.000000
0.000000
0.000000
0.000000
0.006936
0.024659
0.065891
0.154925
0.337637
0.693525
1.351765
2.506563
4.428717
7.464853
12.015568
18.488302
27.225216
38.417488
52.025341
67.729439
84.933807
102.829155
120.506592
137.095779
151.893066
164.448624
174.595535
182.422455
188.205124
192.322693
195.178680
197.143219
198.520142
199.536835
200.349228
201.055237
201.710236
202.341431
202.959290
203.563644
204.159073
204.747162
205.333542
205.930710
206.541489
207.179398
207.850815
208.556473
209.290100
210.040146
210.791977
211.531662
212.249481
212.943085
213.618073
214.286972
214.966537
215.673889
216.422699
217.220047
218.065445
218.950699
219.862335
220.784256
221.701538
222.603210
223.484589
224.347549
225.199875
226.053040
226.919632
227.810730
228.733826
229.692322
230.685471
231.709427
232.759064
233.829025
234.914978
236.018021
237.129318
238.252884
239.389938
240.541977
241.710831
242.898468
244.106766
245.338028
246.594543
247.879242
249.194870
250.544388
251.929962
253.352921
254.813171
256.309692
257.840179
259.402161
260.993652
262.613617
264.262756
265.943207
267.658295
269.412140
271.208832
273.051910
274.944031
276.887451
278.883789
280.934448
283.041107
285.205841
287.431274
289.720886
292.079010
294.510864
297.021912
299.617920
302.303864
305.084839
307.965332
310.949890
314.043762
317.253906
320.588501
324.058411
327.676422
331.458374
335.421936
339.592010
343.986877
348.639771
353.586945
358.875000
364.565216
370.740387
377.512421
385.031647
393.493073
403.136688
414.235809
427.067139
441.861237
458.733734
477.610596
498.165344
519.792480
541.636230
562.681885
581.899170
598.404724
611.607422
621.294250
627.642822
631.156616
632.550110
632.616150
632.108215
631.666260
631.781982
632.807678
634.987061
638.496948
643.480530
650.066223
658.367126
668.454163
680.319031
693.811768
708.614502
724.210388
739.911926
754.933411
768.507446
780.032349
789.164551
795.880981
800.429382
803.197998
804.527954
804.526428
802.939392
799.124329
792.134827
780.894226
764.411560
741.993530
713.406616
678.967712
639.554077
596.535767
551.639709
506.760132
463.742645
424.172394
389.207031
359.483765
335.114410
315.765564
300.791382
289.385559
280.718506
274.036987
268.720825
264.300049
260.441528
256.939453
253.662964
250.545044
247.556656
244.689392
241.941376
239.323044
236.830215
234.460129
232.204819
230.051270
227.982773
225.980392
224.025406
222.101746
220.198090
218.309464
216.437531
214.589462
212.775909
211.008118
209.295441
207.643356
206.052933
204.520874
203.040771
201.604721
200.204651
198.833664
197.486618
196.159912
194.851593
193.560593
192.286331
191.028625
189.783508
188.558762
187.351425
186.162888
184.995377
183.851471
182.733612
181.643417
180.581039
179.544815
178.531387
177.535980
176.553345
175.578751
174.608780
173.641953
172.679260
171.723557
170.779114
169.850601
168.942368
168.057205
167.196396
166.359543
165.544724
164.749496
163.970917
163.206268
162.452988
161.708664
160.970779
160.236313
159.502167
158.765366
158.023376
157.274963
156.520737
155.763077
155.006439
154.256592
153.519562
152.801071
152.105331
151.434250
150.787643
150.162872
149.555878
148.961838
148.376007
147.794495
147.214706
146.635590
146.057281
145.480850
144.907684
144.339020
143.775497
143.217239
142.663376
142.112762
141.563980
141.015854
140.467545
139.919128
139.371170
138.825134
138.282745
137.745758
137.215637
136.693222
136.178741
135.672058
135.172806
134.681061
134.197205
133.722244
133.257553
132.804382
132.363541
131.934769
131.516983
131.107834
130.704239
130.302719
129.899506
129.491394
129.075806
128.651001
128.216232
127.771973
127.319702
126.861946
126.402100
125.944115
125.492279
125.050667
124.622841
124.211342
123.817474
123.441132
123.080750
122.733643
122.396179
122.064583
121.735062
121.404381
121.070076
120.730461
120.384583
120.032074
119.673141
119.308464
118.939354
118.567619
118.195740
117.826485
117.462860
117.107285
116.761383
116.425446
116.098198
115.777161
115.458893
115.139984
114.818001
114.492172
114.163933
113.836838
113.515617
113.205368
112.910011
112.631050
112.367188
112.114090
111.865234
111.612991
111.349945
111.070549
110.771782
110.453835
110.120186
109.776993
109.432571
109.096321
108.777542
108.484215
108.221436
107.990395
107.787331
107.603462
107.425827
107.239510
107.030502
106.788612
106.510147
106.199936
105.868637
105.528755
105.200516
104.887337
104.587082
104.277267
103.911407
103.414612
102.679390
101.563744
99.892860
97.468178
94.087059
89.574257
83.822266
76.832115
68.742577
59.836014
50.513710
41.242714
32.485924
24.632431
17.945877
12.541889
8.396483
5.378307
3.292620
1.924662
1.073133
0.570114
0.288052
0.137889
0.062020
0.025682
0.008875
0.000000
0.000000
0.000000
0.000000
0.000000
0.000000
0.000000
0.000000
0.000000
0.000000
0.000000
0.000000
0.000000
0.000000
0.000000
0.000000
0.000000
0.000000
0.000000
0.000000
0.000000
0.000000
0.000000
0.000000
0.000000
0.000000
0.000000
0.000000
0.000000
0.000000
0.000000
0.000000
0.000000
0.000000
0.000000
0.000000
0.000000
0.000000
0.000000
0.000000
0.000000
0.000000
0.000000
0.000000
0.000000
0.000000
0.000000
0.000000
0.000000
0.000000
0.000000
0.000000
0.000000
0.000000
0.000000
0.000000
0.000000
0.000000
0.000000
0.000000
0.000000
0.000000
0.000000
0.000000
0.000000
0.000000
0.000000
0.000000
0.000000
0.000000
0.000000
0.000000
0.000000
0.000000
0.000000
0.000000
0.000000
0.000000
0.000000
0.000000
0.000000
0.000000
0.000000
0.000000
0.000000
0.000000
0.000000
0.000000
0.000000
0.000000
0.000000
0.000000
0.000000
0.000000
0.000000
0.000000
0.000000
0.000000
0.000000
0.000000
0.000000
0.000000
0.000000
0.000000
0.000000
0.000000
0.000000
0.000000
0.000000
0.000000
0.000000
0.000000
0.000000
0.000000
0.000000
0.000000
0.000000
0.000000
0.000000
0.000000
0.000000
0.000000
0.000000
0.000000
0.000000
0.000000
0.000000
0.000000
0.000000
0.000000
0.000000
0.000000
0.000000
0.000000
0.000000
0.000000
0.000000
0.000000
0.000000
0.000000
0.000000
0.000000
0.000000
0.000000
0.000000
0.000000
0.000000
0.000000
0.000000
0.000000
0.000000
0.000000
0.000000
0.000000
0.000000
0.000000
0.000000
0.000000
0.000000
0.000000
0.000000
0.000000
0.000000
0.000000
0.000000
0.000000
0.000000
0.000000
0.000000
0.000000
0.000000
0.000000
0.000000
0.000000
0.000000
0.000000
0.000000
0.000000
0.000000
0.000000
0.000000
0.000000
0.000000
0.000000
0.000000
0.000000
0.000000
0.000000
0.000000
0.000000
0.000000
0.000000
0.000000
0.000000
0.000000
0.000000
0.000000
0.000000
0.000000
0.000000
0.000000
0.000000
0.000000
0.000000
0.000000
0.000000
0.000000
0.000000
0.000000
0.000000
0.000000
0.000000
0.000000
0.000000
0.000000
0.000000
0.000000
0.000000
0.000000
0.000000
0.000000
0.000000
0.000000
0.000000
0.000000
0.000000
0.000000
0.000000
0.000000
0.000000
0.000000
0.000000
0.000000
0.000000
0.000000
0.000000
0.000000
0.000000
0.000000
0.000000
0.000000
0.000000
0.000000
0.000000
0.000000
0.000000
0.000000
0.000000
