1024
162.065994
7.324219
2500.000000
-5000.000000
0.000000
0.000000
0.000000
0.000000
0.000000
0.000000
0.000000
0.000000
0.000000
0.000000
0.000000
0.000000
0.000000
0.000000
0.000000
0.000000
0.000000
0.000000
0.000000
0.000000
0.000000
0.000000
0.000000
0.000000
0.000000
0.000000
0.000000
0.000000
0.000000
0.000000
0.000000
0.000000
0.000000
0.000000
0.000000
0.000000
0.000000
0.000000
0.000000
0.000000
0.000000
0.000000
0.000000
0.000000
0.000000
0.000000
0.000000
0.000000
0.000000
0.000000
0.000000
0.000000
0.000000
0.000000
0.000000
0.000000
0.000000
0.000000
0.000000
0.000000
0.000000
0.000000
0.000000
0.000000
0.000000
0.000000
0.000000
0.000000
0.000000
0.000000
0.000000
0.000000
0.000000
0.000000
0.000000
0.000000
0.000000
0.000000
0.000000
0.000000
0.000000
0.000000
0.000000
0.000000
0.000000
0.000000
0.000000
0.000000
0.000000
0.000000
0.000000
0.000000
0.000000
0.000000
0.000000
0.000000
0.000000
0.000000
0.000000
0.000000
0.000000
0.000000
0.000000
0.000000
0.000000
0.000000
0.000000
0.000000
0.000000
0.000000
0.000000
0.000000
0.000000
0.000000
0.000000
0.000000
0.000000
0.000000
0.000000
0.000000
0.000000
0.000000
0.000000
0.000000
0.000000
0.000000
0.000000
0.000000
0.000000
0.000000
0.000000
0.000000
0.000000
0.000000
0.000000
0.000000
0.000000
0.000000
0.000000
0.000000
0.000000
0.000000
0.000000
0.000000
0.000000
0.000000
0.000000
0.000000
0.000000
0.000000
0.000000
0.000000
0.000000
0.000000
0.000000
0.000000
0.000000
0.000000
0.000000
0.000000
0.000000
0.000000
0.000000
0.000000
0.000000
0.000000
0.000000
0.000000
0.000000
0.000000
0.000000
0.000000
0.000000
0.000000
0.000000
0.000000
0.000000
0.000000
0.000000
0.000000
0.000000
0.000000
0.000000
0.000000
0.000000
0.000000
0.000000
0.000000
0.000000
0.000000
0.000000
0.000000
0.000000
0.000000
0.000000
0.000000
0.000000
0.000000
0.000000
0.000000
0.000000
0.000000
0.000000
0.000000
0.000000
0.000000
0.000000
0.000000
0.000000
0.000000
0.000000
0.000000
0.000000
0.000000
0.000000
0.000000
0.000000
0.000000
0.000000
0.000000
0.000000
0.000000
0.000000
0.000000
0.000000
0.000000
0.000000
0.000000
0.000000
0.000000
0.000000
0.000000
0.000000
0.000000
0.000000
0.000000
0.000000
0.000000
0.000000
0.000000
0.000000
0.000000
0.000000
0.000000
0.000000
0.000000
0.000000
0.000000
0.000000
0.006903
0.025178
0.040557
0.078746
0.130506
0.208924
0.331767
0.503678
0.744308
1.091433
1.572707
2.230034
3.112916
4.279093
5.793853
7.727901
10.157432
13.164877
16.812387
21.171103
26.288294
32.210373
38.949612
46.480354
54.758911
63.723389
73.265968
83.259155
93.555290
103.999207
114.413040
124.638893
134.524048
143.933899
152.757339
160.911011
168.340744
175.021240
180.954071
186.164139
190.695114
194.604095
197.957047
200.824036
203.275253
205.378113
207.195068
208.782578
210.190521
211.461792
212.633057
213.735306
214.793900
215.829300
216.853058
217.887711
218.934555
219.998016
221.079483
222.173492
223.282440
224.405212
225.521530
226.643753
227.760788
228.870514
229.978439
231.075653
232.166229
233.268066
234.380890
235.512909
236.672058
237.865891
239.101440
240.382706
241.712585
243.098114
244.526947
246.002060
247.513504
249.067169
250.656540
252.263870
253.883118
255.520767
257.166870
258.819183
260.477325
262.148132
263.823914
265.515472
267.229401
268.979767
270.763641
272.595795
274.485107
276.440399
278.470001
280.581116
282.779846
285.071869
287.462097
289.954712
292.560303
295.264832
298.089294
301.031616
304.097595
307.294342
310.630707
314.118103
317.770203
321.603943
325.638855
329.897247
334.403290
339.182556
344.259369
349.656006
355.389435
361.462585
367.883911
374.629791
381.664215
388.930573
396.349396
403.818939
411.215576
418.397217
425.207977
431.484863
437.065308
441.795685
445.540283
448.189209
449.665344
449.929077
448.980560
446.860352
443.645935
439.447479
434.400299
428.657501
422.381165
415.734131
408.872833
401.940674
395.062927
388.345459
381.871216
375.701904
369.878418
364.423157
359.342926
354.637726
350.281006
346.255859
342.536041
339.092773
335.897156
332.921112
330.138611
327.526611
325.064148
322.734161
320.522278
318.416901
316.415588
314.495209
312.668915
310.927277
309.268158
307.690063
306.192291
304.773682
303.433167
302.169067
300.979004
299.860138
298.809174
297.822052
296.894440
296.015930
295.193329
294.415955
293.679352
292.979279
292.312012
291.674011
291.062775
290.475952
289.912384
289.371033
288.852295
288.356537
287.885284
287.440399
287.024475
286.640320
286.291107
285.979980
285.710144
285.484467
285.305298
285.174500
285.092804
285.060425
285.076813
285.140350
285.249207
285.400452
285.591248
285.818634
286.079346
286.370728
286.690979
287.038513
287.412872
287.814423
288.244720
288.705658
289.200562
289.732971
290.306885
290.926392
291.595764
292.324646
293.105255
293.945984
294.849213
295.816376
296.848785
297.947418
299.113281
300.347076
301.650848
303.027161
304.480316
306.016113
307.642914
309.375702
311.217773
313.178040
315.284515
317.548096
319.987885
322.624451
325.474854
328.574799
331.944580
335.612915
339.609344
343.964935
348.709961
353.872162
359.474091
365.529175
372.037018
378.978973
386.312683
393.967194
401.839478
409.791748
417.651764
425.215057
432.251556
438.513428
443.747498
447.708679
450.168640
450.954529
449.927155
447.015045
442.214905
435.594757
427.289795
417.496246
406.458313
394.454834
381.782532
368.738953
355.607758
342.645660
330.072662
318.065369
306.755249
296.228241
286.529205
277.672577
269.626404
262.354095
255.797485
249.890045
244.561356
239.741714
235.364777
231.370270
227.704117
224.319626
221.176834
218.242081
215.487198
212.888855
210.428940
208.097702
205.871338
203.737869
201.704773
199.754929
197.876358
196.074936
194.339615
192.666107
191.050018
189.487396
187.974640
186.508209
185.084900
183.701797
182.356110
181.045517
179.767883
178.521149
177.303894
176.114746
174.952423
173.815735
172.703934
171.615921
170.545212
169.502518
168.481003
167.479767
166.497910
165.534271
164.587967
163.658005
162.744125
161.845123
160.954514
160.074371
159.209671
158.346512
157.493652
156.641891
155.785690
154.917450
154.027390
153.102631
152.126953
151.080872
149.940613
148.678848
147.264664
145.664429
143.842728
141.763916
139.394012
136.703064
133.667221
130.271683
126.512535
122.398880
117.953751
113.214729
108.233002
103.072021
97.804810
92.510551
87.270905
82.165779
77.269485
72.647232
68.352196
64.423882
60.887154
57.752312
55.016266
52.664185
50.671764
49.007793
47.636635
46.520657
45.622272
44.905598
44.337585
43.888828
43.534008
43.251820
43.024860
42.839222
42.684063
42.551132
42.434349
42.329082
42.231949
42.130569
42.041725
41.959843
41.878563
41.797665
41.716862
41.635895
41.554508
41.472507
41.389679
41.305946
41.221226
41.135502
41.048859
40.961414
40.873360
40.784981
40.696537
40.608345
40.520714
40.433956
40.348389
40.264267
40.181831
40.101223
40.022564
39.945869
39.871078
39.798061
39.726582
39.656368
39.587059
39.518284
39.449585
39.380489
39.310619
39.239605
39.167171
39.093170
39.017574
38.940472
38.862125
38.782936
38.703358
38.623940
38.545143
38.467480
38.391426
38.317299
38.245323
38.175407
38.107395
38.041004
37.975945
37.911655
37.847656
37.783283
37.711937
37.651913
37.584660
37.516239
37.446770
37.376381
37.299236
37.227589
37.163059
37.086399
37.014164
36.934509
36.850365
36.759335
36.658249
36.542892
36.407940
36.246811
36.051540
35.821079
35.530846
35.175152
34.741261
34.215900
33.585941
32.839085
31.964720
30.954861
29.805054
28.515190
27.090124
25.539984
23.880249
22.131388
20.318151
18.468525
16.612410
14.780119
13.000939
11.301693
9.705480
8.230796
6.890861
5.693426
4.641016
3.731384
2.958233
2.311969
1.780679
1.351076
1.009483
0.742401
0.530951
0.381954
0.260363
0.177466
0.117923
0.075887
0.040947
0.021233
0.013945
0.000000
0.000000
0.000000
0.000000
0.000000
0.000000
0.000000
0.000000
0.000000
0.000000
0.000000
0.000000
0.000000
0.000000
0.000000
0.000000
0.000000
0.000000
0.000000
0.000000
0.000000
0.000000
0.000000
0.000000
0.000000
0.000000
0.000000
0.000000
0.000000
0.000000
0.000000
0.000000
0.000000
0.000000
0.000000
0.000000
0.000000
0.000000
0.000000
0.000000
0.000000
0.000000
0.000000
0.000000
0.000000
0.000000
0.000000
0.000000
0.000000
0.000000
0.000000
0.000000
0.000000
0.000000
0.000000
0.000000
0.000000
0.000000
0.000000
0.000000
0.000000
0.000000
0.000000
0.000000
0.000000
0.000000
0.000000
0.000000
0.000000
0.000000
0.000000
0.000000
0.000000
0.000000
0.000000
0.000000
0.000000
0.000000
0.000000
0.000000
0.000000
0.000000
0.000000
0.000000
0.000000
0.000000
0.000000
0.000000
0.000000
0.000000
0.000000
0.000000
0.000000
0.000000
0.000000
0.000000
0.000000
0.000000
0.000000
0.000000
0.000000
0.000000
0.000000
0.000000
0.000000
0.000000
0.000000
0.000000
0.000000
0.000000
0.000000
0.000000
0.000000
0.000000
0.000000
0.000000
0.000000
0.000000
0.000000
0.000000
0.000000
0.000000
0.000000
0.000000
0.000000
0.000000
0.000000
0.000000
0.000000
0.000000
0.000000
0.000000
0.000000
0.000000
0.000000
0.000000
0.000000
0.000000
0.000000
0.000000
0.000000
0.000000
0.000000
0.000000
0.000000
0.000000
0.000000
0.000000
0.000000
0.000000
0.000000
0.000000
0.000000
0.000000
0.000000
0.000000
0.000000
0.000000
0.000000
0.000000
0.000000
0.000000
0.000000
0.000000
0.000000
0.000000
0.000000
0.000000
0.000000
0.000000
0.000000
0.000000
0.000000
0.000000
0.000000
0.000000
0.000000
0.000000
0.000000
0.000000
0.000000
0.000000
0.000000
0.000000
0.000000
0.000000
0.000000
0.000000
0.000000
0.000000
0.000000
0.000000
0.000000
0.000000
0.000000
0.000000
0.000000
0.000000
0.000000
0.000000
0.000000
0.000000
0.000000
0.000000
0.000000
0.000000
0.000000
0.000000
0.000000
0.000000
0.000000
0.000000
0.000000
0.000000
0.000000
0.000000
0.000000
0.000000
0.000000
0.000000
0.000000
0.000000
0.000000
0.000000
0.000000
0.000000
0.000000
0.000000
0.000000
0.000000
0.000000
0.000000
0.000000
0.000000
0.000000
0.000000
0.000000
0.000000
0.000000
0.000000
0.000000
0.000000
0.000000
0.000000
0.000000
0.000000
0.000000
0.000000
0.000000
0.000000
0.000000
0.000000
0.000000
0.000000
0.000000
0.000000
0.000000
0.000000
0.000000
0.000000
