512
81.032997
39.062500
10000.000000
-10000.000000
0.000000
0.000000
0.000000
0.000000
0.000000
0.000000
0.000000
0.000000
0.000000
0.000000
0.000000
0.000000
0.000000
0.000000
0.000000
0.000000
0.000000
0.000000
0.000000
0.000000
0.000000
0.000000
0.000000
0.000000
0.000000
0.000000
0.000000
0.000000
0.000000
0.000000
0.000000
0.000000
0.000000
0.000000
0.000000
0.000000
0.000000
0.000000
0.000000
0.000000
0.000000
0.000000
0.000000
0.000000
0.000000
0.000000
0.000000
0.000000
0.000000
0.000000
0.000000
0.000000
0.000000
0.000000
0.000000
0.000000
0.000000
0.000000
0.000000
0.000000
0.000000
0.000000
0.000000
0.000000
0.000000
0.000000
0.000000
0.000000
0.000000
0.000000
0.000000
0.000000
0.000000
0.000000
0.000000
0.000000
0.000000
0.000000
0.000000
0.000000
0.000000
0.000000
0.000000
0.000000
0.000000
0.000000
0.000000
0.000000
0.000000
0.000000
0.000000
0.000000
0.000000
0.000000
0.000000
0.000000
0.000000
0.000000
0.000000
0.000000
0.000000
0.000000
0.000000
0.000000
0.000000
0.000000
0.000000
0.000000
0.000000
0.000000
0.000000
0.000000
0.000000
0.000000
0.000000
0.000000
0.000000
0.000000
0.000000
0.000000
0.000000
0.000000
0.000000
0.000000
0.000000
0.000000
0.000000
0.000000
0.000000
0.000000
0.000000
0.000000
0.000000
0.000000
0.000000
0.000000
0.000000
0.000000
0.000000
0.000000
0.000000
0.000000
0.000000
0.000000
0.000000
0.000000
0.000000
0.000000
0.000000
0.000000
0.000000
0.000000
0.000000
0.000000
0.000000
0.000000
0.000000
0.000000
0.000000
0.000000
0.000000
0.000000
0.000000
0.000000
0.000000
0.000000
0.000000
0.000000
0.000000
0.000000
0.000000
0.000000
0.000000
0.000000
0.000000
0.000000
0.000000
0.000000
0.000000
0.000000
0.000000
0.000000
0.000000
0.000000
0.000000
0.000000
0.000000
0.000000
0.000000
0.000000
0.000000
0.000000
0.000000
0.000000
0.000000
0.000000
0.000000
0.000000
0.000000
0.000000
0.000000
0.000000
0.000000
0.000000
0.000000
0.000000
0.000000
0.000000
0.000000
0.000000
0.000000
0.000000
0.000000
0.000000
0.000000
0.000000
0.000000
0.000000
0.000000
0.000000
0.000000
0.000000
0.000000
0.000000
0.000000
0.000000
0.000000
0.000000
0.000000
0.000000
0.000000
0.000000
0.000000
0.000000
0.000000
0.000000
0.000000
0.000000
0.000000
0.000000
0.000000
0.000000
0.000000
0.000000
0.000000
0.000000
0.000000
0.000000
0.016465
0.105515
0.546628
2.317050
8.106001
23.470587
56.585640
114.707611
197.818542
294.756042
387.150909
459.437531
506.507202
533.206482
547.991028
557.374512
564.427795
570.314026
576.037354
582.758606
591.007996
600.117859
608.804138
616.317688
623.033203
629.990662
638.140503
647.913757
659.190430
671.398743
683.727600
695.528870
706.736023
717.946594
730.059204
743.793213
759.501282
777.290161
797.181152
819.170593
843.312073
869.945435
900.053284
935.623352
979.641846
1034.908569
1100.950806
1170.106323
1226.751709
1253.416504
1241.204346
1195.683472
1132.677612
1068.440918
1012.848572
968.821411
935.131897
909.129028
888.242615
870.548218
854.842957
840.535645
827.505127
815.925903
806.020874
797.829163
791.131104
785.553650
780.731995
776.401489
772.398926
768.644592
765.155212
762.089417
759.752258
758.485535
758.475891
759.622559
761.589417
764.002502
766.636292
769.499451
772.833069
777.050659
782.585449
789.659790
798.141968
807.680542
818.102234
829.787170
843.698792
861.002441
882.630249
909.380798
942.745300
985.723450
1042.135254
1113.147827
1191.423584
1256.963013
1281.701416
1245.127930
1150.289673
1024.118896
900.216919
800.215088
728.460999
678.807007
643.175964
615.727905
593.174316
573.828247
556.814026
541.646240
528.025391
515.731750
504.566193
494.325623
484.813629
475.873627
467.418701
459.429138
451.911316
444.842438
438.141754
431.709961
425.482849
419.480652
413.750916
408.235107
402.580872
395.861847
386.138336
370.194519
344.353241
306.881378
260.619629
213.035049
172.623505
144.362305
128.026962
120.082901
116.637245
115.083160
114.174988
113.467148
112.836952
112.253777
111.700142
111.157494
110.602165
110.012741
109.380928
108.718445
108.052406
107.411812
106.817284
106.279907
105.800545
105.363083
104.928619
104.446487
103.882843
103.248238
102.601639
102.022125
101.558022
101.185707
100.816467
100.361107
99.804787
99.218483
98.689240
98.234657
97.784561
97.202278
96.247383
94.362083
90.476830
83.132446
71.287926
55.467129
38.160561
22.725140
11.523496
4.915448
1.748194
0.514957
0.124860
0.022123
0.003133
0.000000
0.000000
0.000000
0.000000
0.000000
0.000000
0.000000
0.000000
0.000000
0.000000
0.000000
0.000000
0.000000
0.000000
0.000000
0.000000
0.000000
0.000000
0.000000
0.000000
0.000000
0.000000
0.000000
0.000000
0.000000
0.000000
0.000000
0.000000
0.000000
0.000000
0.000000
0.000000
0.000000
0.000000
0.000000
0.000000
0.000000
0.000000
0.000000
0.000000
0.000000
0.000000
0.000000
0.000000
0.000000
0.000000
0.000000
0.000000
0.000000
0.000000
0.000000
0.000000
0.000000
0.000000
0.000000
0.000000
0.000000
0.000000
0.000000
0.000000
0.000000
0.000000
0.000000
0.000000
0.000000
0.000000
0.000000
0.000000
0.000000
0.000000
0.000000
0.000000
0.000000
