1024
81.032997
48.828125
25000.000000
-25000.000000
0.000000
0.000000
0.000000
0.000000
0.000000
0.000000
0.000000
0.000000
0.000000
0.000000
0.000000
0.000000
0.000000
0.000000
0.000000
0.000000
0.000000
0.000000
0.000000
0.000000
0.000000
0.000000
0.000000
0.000000
0.000000
0.000000
0.000000
0.000000
0.000000
0.000000
0.000000
0.000000
0.000000
0.000000
0.000000
0.000000
0.000000
0.000000
0.000000
0.000000
0.000000
0.000000
0.000000
0.000000
0.000000
0.000000
0.000000
0.000000
0.000000
0.000000
0.000000
0.000000
0.000000
0.000000
0.000000
0.000000
0.000000
0.000000
0.000000
0.000000
0.000000
0.000000
0.000000
0.000000
0.000000
0.000000
0.000000
0.000000
0.000000
0.000000
0.000000
0.000000
0.000000
0.000000
0.000000
0.000000
0.000000
0.000000
0.000000
0.000000
0.000000
0.000000
0.000000
0.000000
0.000000
0.000000
0.000000
0.000000
0.000000
0.000000
0.000000
0.000000
0.000000
0.000000
0.000000
0.000000
0.000000
0.000000
0.000000
0.000000
0.000000
0.000000
0.000000
0.000000
0.000000
0.000000
0.000000
0.000000
0.000000
0.000000
0.000000
0.000000
0.000000
0.000000
0.000000
0.000000
0.000000
0.000000
0.000000
0.000000
0.000000
0.000000
0.000000
0.000000
0.000000
0.000000
0.000000
0.000000
0.000000
0.000000
0.000000
0.000000
0.000000
0.000000
0.000000
0.000000
0.000000
0.000000
0.000000
0.000000
0.000000
0.000000
0.000000
0.000000
0.000000
0.000000
0.000000
0.000000
0.000000
0.000000
0.000000
0.000000
0.000000
0.000000
0.000000
0.000000
0.000000
0.000000
0.000000
0.000000
0.000000
0.000000
0.000000
0.000000
0.000000
0.000000
0.000000
0.000000
0.000000
0.000000
0.000000
0.000000
0.000000
0.000000
0.000000
0.000000
0.000000
0.000000
0.000000
0.000000
0.000000
0.000000
0.000000
0.000000
0.000000
0.000000
0.000000
0.000000
0.000000
0.000000
0.000000
0.000000
0.000000
0.000000
0.000000
0.000000
0.000000
0.000000
0.000000
0.000000
0.000000
0.000000
0.000000
0.000000
0.000000
0.000000
0.000000
0.000000
0.000000
0.000000
0.000000
0.000000
0.000000
0.000000
0.000000
0.000000
0.000000
0.000000
0.000000
0.000000
0.000000
0.000000
0.000000
0.000000
0.000000
0.000000
0.000000
0.000000
0.000000
0.000000
0.000000
0.000000
0.000000
0.000000
0.000000
0.000000
0.000000
0.000000
0.000000
0.000000
0.000000
0.000000
0.000000
0.000000
0.000000
0.000000
0.000000
0.000000
0.000000
0.000000
0.000000
0.000000
0.000000
0.000000
0.000000
0.000000
0.000000
0.000000
0.000000
0.000000
0.000000
0.000000
0.000000
0.000000
0.000000
0.000000
0.000000
0.000000
0.000000
0.000000
0.000000
0.000000
0.000000
0.000000
0.000000
0.000000
0.000000
0.000000
0.000000
0.000000
0.000000
0.000000
0.000000
0.000000
0.000000
0.000000
0.000000
0.000000
0.000000
0.000000
0.000000
0.000000
0.000000
0.000000
0.000000
0.000000
0.000000
0.000000
0.000000
0.000000
0.000000
0.000000
0.000000
0.000000
0.000000
0.000000
0.000000
0.000000
0.000000
0.000000
0.000000
0.000000
0.000000
0.000000
0.000000
0.000000
0.000000
0.000000
0.000000
0.000000
0.000000
0.000000
0.000000
0.000000
0.000000
0.000000
0.000000
0.000000
0.000000
0.000000
0.000000
0.000000
0.000000
0.000000
0.000000
0.000000
0.000000
0.000000
0.000000
0.000000
0.000000
0.000000
0.000000
0.003844
0.014032
0.043552
0.122653
0.318005
0.762916
1.697435
3.507755
6.742273
12.072809
20.176426
31.541946
46.251366
63.824139
83.212944
102.986702
121.652412
137.997711
151.327087
161.518234
168.911667
174.109222
177.772232
180.480026
182.665939
184.613510
186.484146
188.353226
190.241791
192.139908
194.027542
195.881470
197.690262
199.453964
201.184494
202.900482
204.619644
206.350983
208.088760
209.810760
211.480698
213.055923
214.496796
215.776764
216.888489
217.845215
218.676315
219.419907
220.113159
220.785721
221.455444
222.128464
222.800919
223.462296
224.098694
224.695526
225.240662
225.727203
226.156097
226.537231
226.888611
227.233490
227.595627
227.995132
228.445221
228.951645
229.513443
230.125351
230.779846
231.469131
232.186478
232.926926
233.687668
234.468262
235.270950
236.101089
236.967682
237.883865
238.867172
239.938538
241.120255
242.433350
243.894653
245.515259
247.300385
249.250839
251.365753
253.645081
256.093506
258.723206
261.560242
264.652649
268.079620
271.958771
276.444458
281.709290
287.896881
295.047211
303.002472
311.328125
319.295044
325.962494
330.368317
331.777802
329.896484
324.958801
317.647308
308.882599
299.577606
290.453400
281.966705
274.337738
267.625946
261.803314
256.797302
252.506287
248.803329
245.543289
242.577789
239.774277
237.033783
234.301346
231.567856
228.864212
226.247406
223.781952
221.521652
219.495605
217.702682
216.115738
214.691559
213.383041
212.149185
210.958481
209.789154
208.624985
207.452698
206.260071
205.037552
203.781158
202.496185
201.199097
199.916687
198.681564
197.525391
196.471756
195.531189
194.700180
193.964081
193.301697
192.692535
192.123260
191.595459
191.134964
190.804581
190.718338
191.050751
192.031387
193.913467
196.912079
201.123688
206.454453
212.593765
219.055740
225.284332
230.785873
235.237900
238.536438
240.773178
242.163742
242.963394
243.400558
243.642166
243.790161
243.896301
243.983505
244.063477
244.146133
244.241089
244.355438
244.491043
244.643646
244.805084
244.966553
245.121338
245.265732
245.398254
245.518799
245.628006
245.726776
245.817108
245.902695
245.989212
246.084213
246.196075
246.333237
246.502365
246.707550
246.949142
247.224182
247.527710
247.854813
248.202560
248.571442
248.965424
249.390106
249.851181
250.352249
250.893814
251.473633
252.087036
252.728729
253.393524
254.077225
254.777115
255.491837
256.221436
256.966766
257.729523
258.511230
259.313782
260.139069
260.988800
261.865082
262.770294
263.707336
264.679230
265.689606
266.742920
267.843964
268.998383
270.212189
271.490540
272.837402
274.254333
275.741150
277.297180
278.922485
280.620605
282.399750
284.273438
286.259735
288.379761
290.656738
293.109070
295.763153
298.645813
301.796814
305.276855
309.174683
313.605865
318.697449
324.548981
331.169983
338.406891
345.886261
353.010986
359.037903
363.234009
365.066589
364.358734
361.342438
356.587463
350.836273
344.814545
339.086273
333.990570
329.656250
326.062805
323.111237
320.681702
318.669464
317.001312
315.638580
314.570404
313.804474
313.347778
313.207458
313.373413
313.826019
314.544434
315.522736
316.786743
318.408234
320.508881
323.246979
326.781006
331.209045
336.491791
342.381805
348.390350
353.822845
357.896149
359.914398
359.449341
356.456543
351.280426
344.547394
336.991119
329.279633
321.900879
315.126465
309.041931
303.611389
298.742249
294.333923
290.302429
286.587433
283.148682
279.959534
277.000977
274.256500
271.708374
269.334320
267.107147
264.997284
262.976135
261.022369
259.125000
257.282837
255.500885
253.783051
252.125427
250.513245
248.922516
247.326752
245.706161
244.055435
242.386948
240.728378
239.114975
237.579849
236.145462
234.818512
233.589905
232.437729
231.333130
230.246613
229.153915
228.041107
226.906509
225.760651
224.621170
223.506088
222.426636
221.382797
220.363647
219.352127
218.331818
217.292984
216.235580
215.169281
214.111282
213.082611
212.104111
211.191177
210.348602
209.565704
208.815903
208.061157
207.263199
206.397385
205.462341
204.487335
203.513138
202.575180
201.674500
200.751984
199.669449
198.200165
196.032166
192.792038
188.099274
181.655991
173.358658
163.393967
152.270844
140.753815
129.705338
119.888634
111.805725
105.627235
101.226151
98.282906
96.409035
95.244301
94.507942
94.009132
93.632042
93.313171
93.021004
92.741470
92.468208
92.202034
91.940315
91.681595
91.423409
91.162834
90.897621
90.627167
90.352745
90.076904
89.802353
89.530388
89.260216
88.988937
88.712746
88.428314
88.134315
87.832062
87.525322
87.219673
86.921356
86.636192
86.368805
86.122162
85.897018
85.692009
85.503723
85.326958
85.155495
84.983002
84.804077
84.615410
84.416222
84.208298
83.995018
83.779793
83.564690
83.349236
83.130585
82.904610
82.667763
82.419022
82.160614
81.897728
81.636330
81.381004
81.133415
80.892281
80.655136
80.420708
80.190842
79.970978
79.768814
79.592072
79.446083
79.331802
79.245193
79.177071
79.114113
79.040100
78.937988
78.792557
78.593185
78.336769
78.029099
77.684662
77.324432
76.972534
76.652763
76.385925
76.187698
76.066048
76.018082
76.026787
76.060280
76.076126
76.031845
75.894257
75.655838
75.328300
74.937012
74.493500
73.962868
73.232414
72.094475
70.257706
67.395065
63.226360
57.616936
50.660267
42.707642
34.322071
26.161928
18.831575
12.752460
8.098642
4.810386
2.666361
1.376529
0.660686
0.294207
0.121164
0.045824
0.015636
0.004552
0.000000
0.000000
0.000000
0.000000
0.000000
0.000000
0.000000
0.000000
0.000000
0.000000
0.000000
0.000000
0.000000
0.000000
0.000000
0.000000
0.000000
0.000000
0.000000
0.000000
0.000000
0.000000
0.000000
0.000000
0.000000
0.000000
0.000000
0.000000
0.000000
0.000000
0.000000
0.000000
0.000000
0.000000
0.000000
0.000000
0.000000
0.000000
0.000000
0.000000
0.000000
0.000000
0.000000
0.000000
0.000000
0.000000
0.000000
0.000000
0.000000
0.000000
0.000000
0.000000
0.000000
0.000000
0.000000
0.000000
0.000000
0.000000
0.000000
0.000000
0.000000
0.000000
0.000000
0.000000
0.000000
0.000000
0.000000
0.000000
0.000000
0.000000
0.000000
0.000000
0.000000
0.000000
0.000000
0.000000
0.000000
0.000000
0.000000
0.000000
0.000000
0.000000
0.000000
0.000000
0.000000
0.000000
0.000000
0.000000
0.000000
0.000000
0.000000
0.000000
0.000000
0.000000
0.000000
0.000000
0.000000
0.000000
0.000000
0.000000
0.000000
0.000000
0.000000
0.000000
0.000000
0.000000
0.000000
0.000000
0.000000
0.000000
0.000000
0.000000
0.000000
0.000000
0.000000
0.000000
0.000000
0.000000
0.000000
0.000000
0.000000
0.000000
0.000000
0.000000
0.000000
0.000000
0.000000
0.000000
0.000000
0.000000
0.000000
0.000000
0.000000
0.000000
0.000000
0.000000
0.000000
0.000000
0.000000
0.000000
0.000000
0.000000
0.000000
0.000000
0.000000
0.000000
0.000000
0.000000
0.000000
0.000000
0.000000
0.000000
0.000000
0.000000
0.000000
0.000000
0.000000
0.000000
0.000000
0.000000
0.000000
0.000000
0.000000
0.000000
0.000000
0.000000
0.000000
0.000000
0.000000
0.000000
0.000000
0.000000
0.000000
0.000000
0.000000
0.000000
0.000000
0.000000
0.000000
0.000000
0.000000
0.000000
0.000000
0.000000
