502
121.983345
24.414063
6109.151446
-6122.294117
4430.273438
-661.496094
-1069.023438
3851.5
6027.625
924.832031
-5142.699219
-3444.996094
5378
12709.02344
13411.07813
10955.52734
10705.69141
12365.84766
11475.36328
6115.210938
-627.238281
-4447.078125
-4209.265625
-2239.660156
-1212.75
-1314.332031
-459.40625
2846.695313
7348.804688
10235.66016
10038.70703
7387.816406
3266.15625
-1844.089844
-6808.71875
-9762.945313
-10364.83203
-10657.61328
-12256.37109
-14024.57031
-14297.69531
-13979.6875
-14834.48828
-15753.86328
-14330.39844
-12178.40234
-14331.48047
-21372.14453
-26069.47266
-21578.16406
-10595.62109
-2048.335938
119.117188
113.75
2359.851563
5721.714844
7573.828125
8854.953125
11323.94531
13059.85156
11251.69531
7634.753906
6338.671875
7081.273438
5689.210938
1908.941406
1099
5544.617188
9045.273438
4847.84375
-4029.164063
-7989.324219
-3556.613281
2525.070313
2838.871094
-1712.085938
-4667.933594
-2165.210938
4555.414063
12090.98438
16925.00391
16322.30469
11046.33594
6690.5625
8611.546875
14983.85938
18037.64453
13335.82813
5155.339844
1118.484375
3736.925781
9083.960938
11791.26172
9054.230469
1434.421875
-7203.761719
-11241.41016
-7978.972656
-1068.6875
3329.144531
4130.050781
6150.984375
12591.60547
20291.49219
24913.49609
27692.75781
32809.90234
39429.51172
41352.41406
35637.87891
27505.94922
24198.44141
26642.45703
30092.95703
31260.14844
31340.71094
32389.09375
34062.76953
35013.77344
35267.76172
35901.83594
37833.40625
42035.53125
49472.65625
59246.76172
67805.60156
71877.53125
72015.71875
71682.96875
72678.71094
72860.80469
69028.09375
61298.01563
54056
52745.21875
59480.14844
71040.78125
81224.5625
86156.53125
87603.375
90402.94531
96694.41406
103768.2109
107574.3281
106682.0313
102357.6328
96957.53125
93602.64844
94940.71875
99389.20313
100588.5938
95065.65625
90152.26563
98883.73438
124666.9688
155433.1406
176768.875
187232.5938
195544.75
205603.125
212188.125
212005.3125
210476.9219
212962.0313
215715.3438
212670.4531
207371.1406
209608.2813
220915.6875
232068.875
236934.875
240405.4063
247798.7188
253909.4688
250909
242873.9688
242366.5938
252700.8438
263210.5313
265096.4375
263402.9063
267405.5625
275699.3125
279121.875
275208.5625
270837.3125
270771.375
272059.625
272019
274110.9688
281271.9375
289234.2813
292524.4063
293243.0313
297107.0313
302912.8125
303545.7813
297785.75
293635.8125
297014.0625
303237.0625
304393.9375
300913.375
300148.4375
305671.5625
313752.1875
320102.625
324833.4688
329637.4375
334457.9063
339005.9375
344384.9688
350997.25
357217.6875
362113.4375
367236
373636.3125
379328.2188
382213.2188
383483.8438
385146.3125
385986.5938
383748.4063
380226.9063
379945.0938
383936.6875
389175
394459.6875
401784.5938
410380.875
415180.7813
414903.5625
416421.625
425296.375
435915.2188
438688.625
435185.4063
437007.5313
448477.9375
459948.625
462934.75
463264.8438
470897.875
482620.5313
486010.75
479151.3125
474892.5625
482712.625
496452.3125
506027.5625
513040.375
525678.9375
542985.5
555077.125
558674.875
562296.6875
572904.5
585733.0625
593003.8125
596710.875
605228.25
619914.9375
632846.875
638484.75
641481.3125
650432.6875
667834.8125
689013.6875
708557.375
725199.25
741635.75
761449.5625
785459.375
810135.9375
830917.75
847970.4375
866841.4375
892151
922818.5625
955443.1875
989877.625
1028134.5
1069701.125
1112564.25
1158335.375
1210804
1267579.125
1318082.5
1353460.625
1375036.25
1388685.75
1393734.75
1383622.125
1357498.5
1325024.125
1296820.375
1273942.625
1250078.125
1221724.625
1192553.875
1168417.375
1150780.25
1135049.5
1113788.25
1082322.875
1043098.563
1003896.5
969792.875
937441.75
899066
850630.875
793084.625
727516.0625
655451.6875
585422.5625
532197.125
503172.4688
488421.6875
470716.9375
444748.125
420202.2813
405318.875
394831.1875
378620.0313
357013.0938
340536.0938
335730.4063
337414.5625
336276.25
329631.6875
322228.1563
319088.5313
320153.125
320987.6875
317278.625
309192.7188
301572.1563
298427.0938
297337.4375
292101.7813
281780.75
273406.4063
272989.4375
277248.625
278791.75
277123.7188
278169.9375
282984.4375
284246.625
277202.8125
267889.8438
264730.3125
266041.9688
263211.5313
254758.6094
249212.125
252497.0625
259769.0938
263653.6875
264492.2188
266405.3125
267475.125
261968.3125
251606.1563
246531.5
252282.0938
261695.875
263966.0938
257816.6563
250984.8906
249067.2813
249958.8125
248601.5156
242538.7188
232341.8125
220672.7969
212097.6875
210202.7813
213192.6094
215506.75
215607.375
218520.6094
227565.875
237109.8281
238698.4531
232686.5938
227651.3438
227727.0625
226831.7031
218651.0938
207226.75
202172.4063
205863.5
211291.7969
212420.4063
211091.6563
211962.2656
215293.6719
218158.1875
219796.3438
221619.6875
222967.75
220803.1719
214247.5313
206762.7188
202763.5313
203590.3125
207314.9063
210863.7656
211693.5625
209088.2813
204959.7813
202263.2344
201770.8125
201595.4688
200601.3906
200412.9375
202431.7813
204659.6875
204146.875
201625.8594
200492.5313
201176.1094
200086.375
195471.4688
190887.8438
189887.5
189357.9688
181804.4219
163756.4063
138737.8125
112001.3984
85960.97656
62007.24219
43188.50391
31854.71484
26219.05859
22408.85938
19513.32422
19797.30469
23654.61719
27061.64063
25451.69531
18611.23438
10490.13672
5261.296875
4686.863281
8204.726563
13796.5
18884.56641
21753.95313
22523.85938
22266.625
21334.62109
19098.73438
14986.51172
9141.515625
2679.710938
-1665.027344
-4.761719
9309.925781
22190.35547
30669.76172
29807.94531
21980.43359
13405.13281
7606.105469
3753.820313
300.632813
-2278.550781
-2678.851563
-721.882813
2755.589844
6688.296875
9721.765625
10624.85547
9753.765625
9102.898438
9867.007813
10902.59766
10775.84766
10257.51953
10980.45313
12304.375
11936.78906
10018.42969
10273.17969
15732.8125
24715.41797
32391.09375
35260.17188
32774.13672
25869.23047
16352.95703
7693.871094
3947.507813
6403.765625
12085.41406
16523.61328
17702.79688
16875.85938
16088.15625
15612.23828
13848.44922
9642.996094
4612.492188

