890
54.248169
97.656250
38057.46094
-48758.94531
-22824.9375
-25882.03125
-30739.4375
-35229.40625
-37606.0625
-37525.75
-35898.53125
-33880.5625
-31972.6875
-29855.09375
-26813.21875
-22258.4375
-16049.9375
-8602.3125
-808.78125
6228
11581.96875
14811.5625
16019.8125
15662
14234.90625
12011.53125
8946.21875
4799.5625
-576.125
-6952.84375
-13624.59375
-19587.3125
-23966.75
-26499.71875
-27727.5625
-28613.25
-29692.03125
-30384.3125
-29153.5
-24514.4375
-16068.1875
-4690.03125
8132.53125
20999.5625
32701
41984.90625
47692.34375
49387.8125
47826.6875
44657.1875
41587.6875
39778.8125
39821.125
41937.8125
45953.15625
51116.75
56230.46875
60195.125
62543.5
63485.125
63485.34375
62815.1875
61414.875
59039.0625
55445.3125
50472.125
44033.5625
36141.6875
27028.75
17318.28125
8057.90625
439.46875
-4727.46875
-7440.59375
-8496.5625
-9084.1875
-10331.09375
-13060
-17663.09375
-23914.875
-30851.65625
-37085.65625
-41625.40625
-44674.78125
-47695.53125
-52567.9375
-60466.625
-71296.78125
-84000.84375
-97308.8125
-110254.25
-122151.9063
-132288
-139782.2813
-143821
-144065.1875
-140901.4063
-135400.2188
-129082.125
-123594.2813
-120280.625
-119688.8438
-121322.25
-123994.0938
-126689.125
-129258.0313
-132305.4688
-136394.3438
-141383.125
-146504.6563
-150929.4063
-154089.9375
-155520.6563
-154700.9375
-151368.0938
-146024.9375
-139927.5938
-134343.75
-129711.4688
-125454.6875
-120519.4688
-114068.8125
-105877.0625
-96436.75
-86912.46875
-78835.65625
-73436.3125
-70952.21875
-70543.5
-71005.875
-71693.625
-72836.59375
-75049.40625
-78575.28125
-82893.375
-86828.0625
-88919.71875
-87880.25
-83100.71875
-75034
-65087.53125
-54899.4375
-45460.40625
-36806.21875
-28523.625
-20533.625
-13386.1875
-7857.15625
-4350.59375
-2716.40625
-2566.3125
-3633.59375
-5729.96875
-8315.9375
-10120.4375
-9251.375
-3872.625
6914.90625
22549.1875
41207.1875
60601
78819.28125
94695.0625
107671.5313
117588.8438
124732.1563
129981.1563
134618.6563
139691.9375
145383.2188
150931.3125
155139.2188
157025.0313
156251.875
153348.375
149795.125
147779.25
149408.4375
155703.0625
166130.4688
179076.4063
192745.125
205630.6875
216375.25
223667.6875
226723.2188
225963.5625
223024.5313
219855.9063
217657.2813
216519.5938
215845.9688
214957.875
213439.9688
211268.1875
208844.1875
206816.9688
205648.0625
205311.8438
205605.7813
206931.5
210812.6875
219700.6563
236503.7813
264606.2188
308402
373430.9063
465225.9063
587002
737303.125
908869.375
1089399.5
1264106.5
1419255
1545377.625
1638928.75
1701962.5
1740504.125
1762693.125
1777254.625
1792173.5
1813427.75
1844105.75
1884324.5
1931835.25
1982743
2032019.5
2074102.625
2103971.5
2118530.75
2117606.75
2104003.5
2082653.875
2059291.625
2039081.5
2025518
2019862.375
2021270.25
2027495
2035844.75
2044071.375
2050988.375
2056646
2061998.75
2068283.25
2076569.75
2087733.625
2102540.5
2121351.25
2143463.75
2166740.25
2188047
2204245.75
2213026.5
2213299.75
2205536.5
2192346.75
2178788
2171506
2176526.75
2196743
2230613
2272901.25
2316995
2357423
2391192.25
2417445.5
2436193
2447522.5
2452054
2451934.75
2450885.5
2452708.75
2459380.25
2470391.75
2483735.25
2497335.25
2509677.25
2519690.25
2526765.5
2531141
2533896.5
2536059
2537578
2537409.25
2534836.5
2530752
2527628.25
2528263
2534473.75
2546675.5
2564297.25
2586431
2612215
2640787.75
2670895.75
2700550.75
2727329.5
2749497.75
2767205
2782537
2798055.25
2814916.5
2832193.25
2847954.25
2861109.25
2872519.25
2884687
2900478
2921764.75
2948663.5
2979573.5
3011832.25
3042543.25
3069148.75
3089707.5
3103143
3109554.75
3110190.25
3106707
3100098.25
3090267.25
3076755.25
3059909.5
3041276.5
3022900
3006456.25
2993221.75
2984725.25
2983069.5
2990451.5
3008584.5
3038958.5
3083780
3146346.75
3229985.25
3336143
3463209.5
3607046.25
3762679.25
3925754.5
4092881.5
4261194
4428035
4591182
4749217
4901435
5047327
5186251
5317766.5
5442312.5
5561475.5
5677526
5792704
5908950.5
6028127
6152115
6282347
6419139.5
6561641.5
6708687
6859923
7016290
7179490.5
7350854.5
7530345.5
7716247.5
7905753.5
8096308.5
8287152.5
8480193
8679602
8890353
9116617
9360871
9623742
9903916
10197565
10497355
10791653
11064665
11297979
11473591
11577754
11604226
11555381
11440665
11273401
11067716
10836661
10591396
10340731
10090889
9845903
9608808
9382935
9172330
8981012
8811720
8665039
8539193
8430274
8332667
8239784.5
8145283.5
8044554
7935878
7820653.5
7702503
7585660.5
7473403
7367280
7267380.5
7173184
7084162.5
6999672
6918421
6838280.5
6756888.5
6672790.5
6586347.5
6499821
6416585.5
6339912
6271932
6213208.5
6162978.5
6119745.5
6081794
6047395
6014842
5982534
5949142
5913676.5
5875365
5833546.5
5787847.5
5738632.5
5687323
5636167.5
5587424.5
5542422.5
5501111
5462385.5
5424918
5387854.5
5350928.5
5314129
5277433.5
5240904.5
5204866.5
5169733.5
5135557
5101899.5
5068386
5035434
5004291
4976195
4951457.5
4929353.5
4908784
4888899.5
4869161
4849128.5
4828524.5
4807541.5
4786867
4767194.5
4748627
4730519
4711817
4691570
4669369.5
4645687.5
4621997.5
4600426
4582907.5
4570309
4562100
4556713
4552231
4547030
4540186.5
4531579
4521575.5
4510455.5
4498005.5
4483627
4466691.5
4446596.5
4422510.5
4393455
4359140.5
4320913
4281662
4244500
4211344.5
4182702.25
4158643.25
4139788.5
4127364.5
4122498.5
4125456.5
4135138.5
4148722.25
4161650.75
4168508
4164850.75
4149028.75
4122699.25
4089672
4054005.75
4018629.25
3985040.5
3953744.25
3924813.75
3898220.25
3873885.75
3851590.5
3830936.5
3811520.25
3793235.75
3776398
3761495.25
3748775.5
3738107.5
3729263.5
3722258.5
3717212.5
3713635
3709673.75
3702120
3687521.75
3663918.25
3632073.5
3595267
3557713
3522774.75
3492293
3467291.75
3449009
3438927.5
3437583.25
3443253.75
3451861.5
3458385.25
3458837.5
3451543.25
3437155
3417724.5
3395596
3372695
3350363.75
3329533.25
3310892
3294863
3281438
3270087
3259911.25
3250018.25
3239919.25
3229691.25
3219757
3210384.25
3201261.75
3191525.5
3180273
3167153.5
3152550.25
3137268.75
3122100.25
3107654
3094457.25
3083045.5
3073866
3067094.25
3062548.5
3059753.25
3058121.75
3057230.75
3057099
3058231.25
3061237.75
3066162.25
3071942.75
3076341.5
3076353.25
3068955
3052109.5
3025823.5
2992694.75
2957299
2924451.25
2897289.5
2876352.5
2860018.25
2845717
2831124.5
2814981.5
2797498.25
2780224.75
2765267.25
2754165.5
2747137.25
2743144.5
2740568.5
2737909
2734171.75
2728963
2722340.25
2714408.75
2704867
2692955.25
2678001
2660097.75
2640231.25
2619724.25
2599590.75
2580357
2562263
2545405
2529710.75
2515038.5
2501502.25
2489670.75
2480290
2473728.5
2469670.5
2467244.25
2465286.25
2462479.5
2457508.5
2449457
2438252.25
2424651
2409600.25
2393464.75
2375790.5
2355811.75
2333248.5
2308740
2283572.75
2258930.5
2235292.75
2212535.25
2190685
2170626.75
2154043.5
2142638.75
2137438.5
2138774.75
2146629
2160535.75
2178903.75
2198576.5
2215453.75
2225964.75
2228340.75
2222912.5
2211552.25
2196819.25
2181125.75
2166009.5
2151769.75
2137799
2123492.25
2109061.75
2095649.875
2084759.75
2077478.5
2073854.75
2072552.125
2070964.875
2066034.875
2055579.25
2039321
2018834
1996458.875
1974052.5
1952388.625
1931319.875
1910303.25
1888935
1867352.25
1846413.75
1827595.875
1812722.375
1803705.25
1802228.625
1809124.5
1823528
1842477.375
1861569.375
1876415.75
1883928.75
1882762.125
1873150.125
1856723.25
1836329.75
1815427.25
1797013
1782798.375
1773261.5
1768328.75
1767825
1771234.625
1777138.5
1782950
1785208.5
1780350
1765810.375
1741161.75
1708630.25
1672419.625
1637073.625
1605925.375
1580492.25
1560672.125
1545015.625
1530845.5
1514715.375
1493537
1465828.75
1432156
1394484.125
1355028.75
1315307.5
1275647.875
1235154.375
1192233.75
1145626.125
1095346.625
1042739.313
989522.25
936640.75
883851.25
830118.875
774195.75
714927.125
651479.375
583825.375
513324.1875
442837.9688
376083.9375
316517.9688
266346.2813
226098.375
194835.8125
170770.9063
151927
136563.75
123396.5
111823.6563
102133.6875
95286.15625
92026.28125
91882.0625
93056.125
93529.40625
92412.875
90238.9375
88015.65625
86178.125
84506.53125
82812.875
81372.34375
80626.5
80701.75
81393.53125
82495.28125
83913.28125
85470.125
86843.625
87858.0625
88717.125
89747.15625
90882.21875
91502.65625
90783.46875
88084.3125
83013.21875
75397.6875
65550.5625
54661.78125
44724.34375
37795.96875
35135.34375
36875.75
42300.15625
50279.84375
59567.8125
69009.625
77753.3125
85319.4375
91439.1875
95883.46875
98563.09375
99789.6875
100285.1563
100794.5938
101659.9375
102763.4063
103797.6563
104504.75
104734.0313
104477.5625
103951.9063
103505.2188
103225.6563
102589.6875
100634.6875
96626.21875
90623.1875
83472.75
76425.28125
70853.71875
68145.03125
69379.78125
74665.90625
82649.25
90862.46875
96882.59375
99506.375
99153.75
97377.25
95945.65625
96042.25
97898.09375
100968.9063
104536.8438
108321.25
112593.4375
117691.3125
123430.0938
129033.6563
133653.8125
136921.8438
138996.5
140167.9375
140512.5625
139917.9063
138343.4063
136020.5625
133488.9688
131529.0313
130996.125
132523.125
136232.4688
141739.0625
148501.125
156152.9688
164393.3438
172509.1875
179136.4375
182713.0625
182338.875
178254.4688
171505.9375
163189.5313
154027.4063
144546.9375
135432.7188
127532.3125
121535.0313
117759.8125
116259.5
116942.1875
119370.1875
122417.0625
124346.125
123546.4375
119450.6875
112902.2813
105729.2188
99935
97042.5
97753.3125
101800.75
107967.9063
114409.4063
119291.125
121475.2188
120898.1875
118494.5313
115726.3125
113863.625
113273.0938
113148.3125
112021.5938
108827.6563
103709.5313
97886.1875
92748.03125
89012.90625

