700
121.983414
61.035156
18300.7543450025
-24362.81969
27704.39063
39052.23438
46600.82813
47017.625
43256.39063
37638.17188
30458.6875
25123.1875
27678.0625
37856.6875
45900.98438
43947.64063
37641.71875
39518.48438
51104.42188
59112.4375
52718.625
38501.92188
32098.1875
38382.1875
47519.85938
50549.71875
50951.73438
57016.6875
68739.76563
78752.70313
83593.79688
86934.42188
91272.51563
93114.01563
89487.23438
84063.14063
81688.26563
79746.28125
71174.875
55975.42188
43770.57813
42428.23438
48491.17188
52677.8125
51963.17188
51294.26563
54272.85938
57653.92188
56968.59375
53415.9375
51524.375
52096.46875
51690.375
49069.29688
48273.01563
53211.09375
61235.90625
64751.89063
59289.82813
48541.625
40793.40625
40750.21875
45233.1875
47202.42188
44102.4375
41153.15625
44498.0625
51176.07813
49287.76563
31283.23438
5596.796875
-9488.15625
-4996.546875
9107.21875
15965.01563
10699.875
3172.703125
3220.328125
8664.234375
9938.703125
2373.671875
-9838.234375
-19300.8125
-20436.96875
-10036.51563
11295.96875
35960.6875
51925.67188
52680.65625
43233.48438
33160.84375
25412.60938
16313.79688
5911.21875
1918.453125
9762.078125
22809.90625
28264.79688
22304.5
14542.96875
16309.34375
28497.26563
43222.85938
53877.03125
59390.20313
60239.3125
55441.45313
45135.0625
33043.95313
24065.1875
20676.23438
22807.35938
29041.3125
35634.34375
36265.84375
26886.35938
11642.46875
972.875
1858.296875
11413.71875
21516.46875
28028.8125
33234.10938
40433.17188
49456.96875
58169.89063
65737.92188
72498.23438
77579.40625
78001.73438
69906.59375
51004.29688
24274.01563
495.015625
-6414.3125
8269.0625
32180.46875
45176.20313
39364.29688
26887.15625
24625.35938
34155
42412.29688
41495.5625
40637.14063
54894.96875
87466.03125
130148.3906
179442.6406
243658.5938
330510.625
433419.5
536370.5
630486.625
719569.125
808391.125
891343.0625
956950
1001299.938
1032791.75
1063760.875
1100389.375
1140857.125
1179776
1212233.875
1235462.625
1249571.25
1257319.25
1262475.125
1268492.875
1278635.25
1295165.125
1316126.125
1334156.125
1342168.375
1341261.875
1340030.25
1344017
1348686.5
1346766.375
1341242.625
1345332.875
1366803.5
1395979.125
1414026.75
1412735.25
1402434.5
1399790.625
1411218.75
1430024.125
1446551.625
1457210.875
1464500.375
1472535.375
1484312.5
1500931.875
1521301.5
1543628.875
1568681.875
1600259.875
1640291.125
1684433
1725676.375
1762887.375
1802742.125
1851268.25
1905844.375
1958706.75
2007179
2056318.875
2110513.75
2166345.75
2216930.25
2261221.75
2304870.75
2351747.25
2398520.75
2439798
2476274.25
2514866
2561395.25
2615540.25
2672925.25
2729877
2785641.75
2842305.25
2904063.5
2974885.25
3054840
3139535.75
3224956.75
3311749.5
3401827
3491076.5
3569913
3634141.25
3692932
3761933.75
3848424.5
3946275.25
4045583.75
4143118.75
4241108.5
4339650.5
4435286.5
4526086.5
4612832
4693514
4760970.5
4809581.5
4842060
4865744
4883218.5
4891024
4888173.5
4881398.5
4879200
4883710.5
4891840.5
4902100
4915277
4928628
4935050
4930921
4921058.5
4911799
4901029.5
4879482
4841546.5
4790623
4733461.5
4674352.5
4617534.5
4570372
4537972
4515825
4493644
4467363
4441790.5
4418833
4388737
4339244.5
4271178.5
4198092
4129922.5
4063819
3994582.5
3928184.5
3877659
3846978.5
3825840.25
3801929.75
3772958.5
3743849
3717104.75
3691496
3667996.75
3650669
3640622.25
3633719.5
3626123.5
3618096
3609545.75
3595679.25
3572090.25
3542721
3517419.5
3500858
3488369.5
3474200.5
3458800.5
3443900
3424268
3391137.75
3344034.5
3293571.5
3250363.25
3215410
3184185.5
3155835.25
3133041.5
3114918.5
3096439.5
3075645.5
3055667.25
3037136
3014092
2982571.25
2949580
2926265.75
2912478.25
2895628.25
2867787.5
2837243.5
2816848
2805026.25
2787175.75
2756330
2723620.5
2703100.5
2692148.25
2675060.75
2644550
2611011.75
2587398.25
2571565.25
2550291.25
2518493.5
2487278.5
2470876.25
2470189.75
2472917.5
2467798
2454849.25
2441792.25
2434055.5
2430263.25
2425680.25
2417256
2404748
2388710.5
2369575.75
2349516
2333921.5
2328304.25
2331834.75
2334895
2325968.75
2302586.5
2274377.25
2253893.75
2245130.75
2242365.5
2238890.25
2233459
2227286.5
2218436.75
2203405.75
2183960.5
2168405.75
2163493
2166248
2165890.5
2153758
2130164
2101961.25
2075400
2052342.875
2032181.375
2015493.625
2004832.625
2001749.125
2003144.375
2001444.75
1990208.25
1970819.125
1952811
1945546
1948689.875
1951792.375
1944330.5
1926187.5
1907946.5
1901104.375
1908024.625
1920391
1926197.5
1918531
1899424.75
1876803.875
1857891.5
1844921.25
1836429.125
1831398.125
1830470.125
1832686.25
1832932.125
1825142.5
1808576.5
1789425.25
1775132.625
1767671.75
1762903.625
1755465.5
1743137.375
1727454.375
1712327
1702333.875
1699970
1702769.25
1704355.25
1700419.625
1693194.25
1687713.75
1683548.375
1673420.5
1652472.75
1627086.875
1610566
1609040.125
1614417.125
1613527.25
1602667.375
1590144.625
1584641.25
1584539
1580974
1569551.25
1555653.75
1547673.75
1547604.625
1550099.25
1549269.25
1543799.125
1535436.75
1525349
1514051.25
1503656.125
1497290.25
1495229.25
1493111
1485667.25
1472280.25
1458139.625
1449877.125
1450241.875
1456213.875
1461124
1459084.125
1449503.75
1438360.5
1433397
1435975.125
1438278.125
1431039.125
1414533.375
1399465.875
1395298.75
1399642.625
1401984.125
1397007.75
1390486
1390876.25
1398530.25
1406288.5
1408858.25
1407584.875
1405975
1404652.375
1402680.125
1400472.125
1397678.75
1389759.125
1371074.5
1341958.125
1308830.625
1275296.25
1236275
1184314.125
1119942
1051815.875
987177.8125
926835.25
870841.625
823855.6875
789783.75
763280.75
732914
694578.9375
657435.6875
633282.3125
622673.875
615456.125
603778.375
590037.5625
581280.375
580207.625
584596.375
592337.5
601949.375
608032.25
600829.5625
573358.6875
527686.375
472246.5625
414066.3438
355754
299242.4375
248859.4688
208458.8438
176711
147568.8125
116122.7188
83352.8125
54810.73438
35015.76563
23305.54688
14809.6875
5167.890625
-5670.765625
-14078.42188
-16802.84375
-14044.89063
-8722.546875
-3740.71875
-840.453125
-1400.71875
-6530.015625
-15560.15625
-25480.01563
-32940.07813
-36420.25
-35797.82813
-30897.28125
-22397.82813
-14037.375
-11397.48438
-16743.42188
-26072.51563
-32889.92188
-34332.75
-31977.35938
-27379.78125
-19851.75
-9845.375
-1906.078125
-1218.078125
-7688.328125
-16108.96875
-22592.48438
-28289.04688
-35237.875
-40688.32813
-38584.82813
-26793.4375
-10665.125
1453.421875
4989.921875
949.9375
-7104.65625
-15900.85938
-23043.1875
-27320.375
-29638.14063
-32552.95313
-37426.07813
-41907.59375
-41016.45313
-31413.35938
-15152.04688
424.796875
7037.625
1402.125
-11630.45313
-21907.15625
-21366.875
-10063.90625
4288.796875
12329.79688
9089.203125
-3912.59375
-20161.375
-31462.07813
-32252.57813
-23335.65625
-11736.60938
-5529.09375
-7803.546875
-15307.79688
-21990.92188
-22865.85938
-15589.60938
-1415.390625
13894.76563
22331.9375
19897.875
10739.90625
3135.984375
1235.53125
2632.640625
3956.015625
5413.9375
7716.96875
7557.1875
702.390625
-10663.32813
-18130.04688
-16426.21875
-9371.078125
-3919.109375
-1130.640625
2797.90625
8011.21875
9139.4375
3557.875
-3237.9375
-4347.140625
-874.40625
-112.953125
-5322.640625
-12102.71875
-15570.89063
-16403.03125
-17339.5
-17827.4375
-16291.01563
-14923.21875
-16652.48438
-18186.45313
-12602.34375
-820.25
5819.375
-444.515625
-11608.54688
-13366
-5770.28125
-5595.625
-24181.1875
-49724.67188
-59071.54688
-44532.17188
-21215.48438
-7460.546875
-6084.921875
-9021
-13464.46875
-24466.6875
-42495.34375
-56958.90625
-56253.25
-40414.34375
-20270.34375
-6653.234375
-3774.390625
-10343.20313
-21306.875
-28160.73438
-23396.8125
-8487.15625
5136.0625
6772.90625
-2709.015625
-13388.73438
-18369.625
-19359.04688
-19947.07813
-18110.73438
-8995.8125
6895.359375
22275.9375
30096.29688
29507.01563
24625.54688
20081.8125
18898.125
22270.95313
29011.23438
36083
41550.875
46193.45313
50250.67188
49735.76563
39758.20313
22640.10938

