362
353.110779
24.414063
14112.99138
5299.514638
139800064
136296960
104976384
111216640
183945216
258733056
239224320
112232960
-22435328
-47910912
52642304
178981376
206904320
100602880
-53038080
-119536640
-43530240
90701312
141140480
61558784
-44957184
-43696640
80793600
223070208
291365376
293083136
274948096
233122816
132782592
-4762624
-91434496
-61704192
58934272
185577984
248282112
227579392
151417344
82726400
85022208
164140032
250443776
266689536
209495552
138960896
97152000
74539008
56930304
57695744
83211776
110730240
135562240
198718464
311937536
386917888
324523008
179357184
138577920
281573888
439476224
392619008
171386880
37941248
148596736
354440704
415896064
325147136
285957120
400725504
526171648
492049408
346846720
279598592
355758080
454766080
467658752
437455872
454664704
507036160
520689664
500125696
524296704
608015872
665092608
643607552
618813952
686798848
813710848
871740928
815819264
748498944
786275840
916350976
1024066560
1030885376
967945216
930481664
990695936
1140490752
1287834112
1323677696
1233537536
1138544128
1179448832
1351550464
1504320512
1529637888
1499828736
1567036928
1758353920
1943944192
2010506752
1993314816
2000427008
2063431168
2129232384
2178838528
2279069696
2489462272
2762447360
2980594176
3086160384
3142985728
3261261824
3477436416
3725939200
3932389376
4118833664
4390238208
4806910976
5297840128
5737100800
6099638272
6497497088
7050040832
7764445696
8575446016
9455790080
10423307264
11463259136
12534790144
13680609280
15051908096
16760848384
18752688128
20895197184
23169261568
25688397824
28533334016
31667499008
35060379648
38805377024
43019812864
47664979968
52572471296
57662308352
63041482752
68833755136
74975035392
81251172352
87511334912
93765918720
1.00065E+11
1.06349E+11
1.12462E+11
1.18293E+11
1.23846E+11
1.29185E+11
1.34323E+11
1.39172E+11
1.43601E+11
1.47546E+11
1.51071E+11
1.54304E+11
1.57298E+11
1.59979E+11
1.62235E+11
1.64046E+11
1.65492E+11
1.66642E+11
1.67479E+11
1.67974E+11
1.68187E+11
1.6824E+11
1.68189E+11
1.6797E+11
1.67486E+11
1.6672E+11
1.65723E+11
1.64517E+11
1.63051E+11
1.61275E+11
1.59198E+11
1.56836E+11
1.54142E+11
1.51038E+11
1.47525E+11
1.43717E+11
1.39728E+11
1.35571E+11
1.31203E+11
1.26636E+11
1.21933E+11
1.17111E+11
1.12125E+11
1.06993E+11
1.01842E+11
96765763584
91675271168
86413213696
81010278400
75723153408
70766264320
66095529984
61540548608
57082032128
52874825728
49011290112
45399035904
41923452928
38619947008
35586797568
32790517760
30076948480
27370121216
24759136256
22364403712
20200712192
18212055040
16368246784
14664379392
13076310016
11593827328
10274220032
9185848320
8300436992
7511563776
6768459264
6117757952
5585603072
5096343552
4572941824
4065867264
3695252480
3478018560
3297008640
3058523648
2805315072
2628598272
2522384384
2392010752
2190317568
1981533696
1854381568
1811901952
1774006784
1672161792
1517499392
1375640064
1290182144
1245015040
1204043264
1167712768
1158100992
1149157888
1065378304
892895232
753163776
786882048
959326208
1062839808
958728192
754590720
670606848
766873600
890631168
887420416
770721280
653105152
595194368
586230784
612150784
656086016
659779072
578097664
475240960
476869632
595830784
686619136
630599680
501132800
460460032
529763328
567047168
481890816
368640000
369394176
478954496
574034944
603463168
645519872
754283008
838865920
770809856
576575488
436807680
473900032
603055104
647370752
571424768
527634944
649993216
861480448
949650432
818878464
600546816
493170688
551269376
678395904
782160384
853916672
898019328
872963584
756094464
615291904
547597824
561435648
578719232
551949312
519510528
528380416
557659136
556891136
522132992
485545472
448974336
380414976
278484992
195643904
179872256
221651456
276649984
320059392
358725120
400964608
431232512
413551104
321100800
177098240
63716352
58349568
145261568
220175360
207521792
143498240
106064384
94522368
44881408
-42339328
-74243584
-2911744
79302144
53165568

