868
353.110779
24.414063
21168.65559
1.662967003
845211648
137558016
16794624
592733184
997214208
626348032
31711232
91698176
683041792
858287104
268214272
-310703104
-115412992
525646848
740712448
377848832
97696768
292700160
552625152
405919744
85486592
152896512
635948032
993667072
874655744
515350528
324170752
390913024
546766848
662750208
695699456
599743488
395108352
229818368
187160576
106427392
-200910848
-596726784
-713798656
-446379008
-121842688
-73580544
-220047360
-224258048
51490816
430227456
692147200
780951552
757176320
708259840
712639488
754157568
679373824
407435264
176493568
333663232
792923136
985322496
581983232
37135360
45325312
562104320
822172672
416099328
-119907328
-91945984
339021824
421574656
-57036800
-466234368
-260204544
287192064
574682112
530273280
532739072
668532736
601979904
251325440
110244864
590940160
1314384896
1429468160
605173760
-555220992
-1121284096
-689446912
367705088
1302619136
1567257600
1155033088
530476032
201079808
292918272
545702912
681862144
660050944
559643648
404135936
227956736
182224896
383814656
710619136
921742336
957924352
951708672
963271680
929463296
905139200
1086856192
1456962560
1650799616
1418969088
1044608000
996641792
1272991744
1451514880
1380399104
1392780288
1692662784
1951168512
1841337344
1649335296
1874702336
2371221504
2439786496
1848579072
1247562752
1316358144
1901404160
2347663360
2379310080
2219539456
2049690624
1879912448
1894226944
2327769088
2860399616
2725898240
1803948032
1130923008
1746744320
3281719296
4341308416
4254553088
3752374272
3723339776
3994041344
3876975616
3457613824
3557566464
4462984192
5396984832
5529957376
5053050880
4871929856
5473555456
6445799424
7021959168
6838103040
6220204032
5937899520
6580200448
7925721088
9014941696
9148093440
8757729280
8903856128
9870155776
10762918912
10774624256
10369473536
10653595648
11802260480
12822735872
12984676352
12819024896
13275501568
14344920064
15142981632
15230057472
15215486976
15883503616
17193900032
18482864128
19374635008
20098908160
20994406400
22073769984
23158214656
24170647552
25131548672
26019041280
26820157440
27677077504
28823453696
30324711424
31945703424
33338617856
34386444288
35355631616
36657078272
38398087168
40214192128
41668214784
42824110080
44249907200
46332968960
48742252544
50795290624
52307451904
53799858176
55785373696
58115964928
60262760448
62072700928
63921864704
66124414976
68523073536
70832717824
73142657024
75774025728
78703206400
81445355520
83631718400
85501689856
87633534976
90284908544
93211099136
96123551744
99082452992
1.02284E+11
1.05607E+11
1.08642E+11
1.11213E+11
1.13692E+11
1.16633E+11
1.20159E+11
1.23877E+11
1.27373E+11
1.30621E+11
1.33856E+11
1.37204E+11
1.40616E+11
1.4407E+11
1.47633E+11
1.51297E+11
1.5496E+11
1.5862E+11
1.6243E+11
1.66401E+11
1.70234E+11
1.73699E+11
1.77109E+11
1.81088E+11
1.8576E+11
1.90423E+11
1.943E+11
1.97465E+11
2.00754E+11
2.04764E+11
2.09253E+11
2.13605E+11
2.17605E+11
2.21526E+11
2.25605E+11
2.29764E+11
2.33861E+11
2.37932E+11
2.42049E+11
2.46128E+11
2.5006E+11
2.53945E+11
2.57992E+11
2.62199E+11
2.66309E+11
2.70125E+11
2.73751E+11
2.77439E+11
2.81307E+11
2.85264E+11
2.89139E+11
2.9278E+11
2.96102E+11
2.99179E+11
3.02256E+11
3.05537E+11
3.08927E+11
3.12143E+11
3.15115E+11
3.18107E+11
3.213E+11
3.24418E+11
3.27026E+11
3.29185E+11
3.31512E+11
3.34452E+11
3.37714E+11
3.40657E+11
3.43099E+11
3.45428E+11
3.47899E+11
3.50177E+11
3.51815E+11
3.52959E+11
3.5428E+11
3.56201E+11
3.58466E+11
3.60529E+11
3.62158E+11
3.6353E+11
3.64879E+11
3.66243E+11
3.67504E+11
3.68514E+11
3.69234E+11
3.69851E+11
3.707E+11
3.71894E+11
3.7307E+11
3.73732E+11
3.73891E+11
3.74095E+11
3.74696E+11
3.75362E+11
3.75589E+11
3.75492E+11
3.75647E+11
3.76155E+11
3.76366E+11
3.75775E+11
3.74814E+11
3.74345E+11
3.74553E+11
3.74799E+11
3.74556E+11
3.74002E+11
3.73512E+11
3.73013E+11
3.72231E+11
3.7132E+11
3.70746E+11
3.7052E+11
3.7001E+11
3.68703E+11
3.66907E+11
3.6542E+11
3.64647E+11
3.64241E+11
3.63588E+11
3.62426E+11
3.60995E+11
3.59724E+11
3.58817E+11
3.58084E+11
3.57155E+11
3.55908E+11
3.54623E+11
3.53604E+11
3.52762E+11
3.51762E+11
3.50546E+11
3.49417E+11
3.48544E+11
3.47668E+11
3.46505E+11
3.45188E+11
3.44002E+11
3.42837E+11
3.4132E+11
3.39466E+11
3.37793E+11
3.36653E+11
3.35803E+11
3.34871E+11
3.33883E+11
3.32989E+11
3.31958E+11
3.30471E+11
3.28821E+11
3.27729E+11
3.27338E+11
3.26903E+11
3.25792E+11
3.24351E+11
3.23336E+11
3.22787E+11
3.22068E+11
3.20896E+11
3.19676E+11
3.18703E+11
3.17683E+11
3.16381E+11
3.15228E+11
3.14712E+11
3.14472E+11
3.13685E+11
3.12304E+11
3.11209E+11
3.1093E+11
3.10832E+11
3.10032E+11
3.08681E+11
3.0772E+11
3.07517E+11
3.07384E+11
3.06609E+11
3.05415E+11
3.04553E+11
3.04254E+11
3.04012E+11
3.03325E+11
3.02295E+11
3.01392E+11
3.00848E+11
3.00459E+11
2.99896E+11
2.99115E+11
2.98391E+11
2.97959E+11
2.97671E+11
2.97158E+11
2.96384E+11
2.95822E+11
2.95853E+11
2.9613E+11
2.95884E+11
2.94907E+11
2.93875E+11
2.93506E+11
2.93668E+11
2.93648E+11
2.93113E+11
2.92425E+11
2.92014E+11
2.91861E+11
2.91697E+11
2.91405E+11
2.91007E+11
2.90493E+11
2.89928E+11
2.89537E+11
2.89418E+11
2.89265E+11
2.88724E+11
2.87978E+11
2.87644E+11
2.87974E+11
2.8847E+11
2.88482E+11
2.87947E+11
2.87308E+11
2.8689E+11
2.86637E+11
2.8641E+11
2.86203E+11
2.86043E+11
2.85882E+11
2.85696E+11
2.85514E+11
2.85325E+11
2.85119E+11
2.85059E+11
2.85365E+11
2.85923E+11
2.86237E+11
2.85976E+11
2.85403E+11
2.8501E+11
2.8489E+11
2.8477E+11
2.84577E+11
2.84546E+11
2.84709E+11
2.84733E+11
2.8447E+11
2.84327E+11
2.84706E+11
2.85326E+11
2.8553E+11
2.85192E+11
2.84864E+11
2.84957E+11
2.85226E+11
2.85276E+11
2.85195E+11
2.85354E+11
2.85779E+11
2.86128E+11
2.86217E+11
2.86248E+11
2.86464E+11
2.86852E+11
2.87254E+11
2.87555E+11
2.87686E+11
2.87652E+11
2.87648E+11
2.87924E+11
2.88413E+11
2.88707E+11
2.88601E+11
2.88444E+11
2.88687E+11
2.89252E+11
2.89653E+11
2.89688E+11
2.89645E+11
2.89808E+11
2.90133E+11
2.90499E+11
2.90945E+11
2.91437E+11
2.91725E+11
2.91726E+11
2.91808E+11
2.92314E+11
2.92987E+11
2.93296E+11
2.93284E+11
2.93552E+11
2.94329E+11
2.95087E+11
2.95336E+11
2.95354E+11
2.95688E+11
2.96272E+11
2.96598E+11
2.966E+11
2.96753E+11
2.9726E+11
2.97725E+11
2.97856E+11
2.9799E+11
2.98538E+11
2.99294E+11
2.99771E+11
2.99982E+11
3.00364E+11
3.01016E+11
3.01554E+11
3.01756E+11
3.01874E+11
3.0215E+11
3.02485E+11
3.02826E+11
3.0342E+11
3.04339E+11
3.05108E+11
3.0529E+11
3.05225E+11
3.05588E+11
3.06335E+11
3.06731E+11
3.0654E+11
3.06533E+11
3.07436E+11
3.08854E+11
3.09759E+11
3.09782E+11
3.09499E+11
3.09564E+11
3.10077E+11
3.10809E+11
3.11537E+11
3.1206E+11
3.12298E+11
3.12541E+11
3.1319E+11
3.14081E+11
3.14513E+11
3.14277E+11
3.14167E+11
3.14951E+11
3.16179E+11
3.16729E+11
3.16397E+11
3.1616E+11
3.16718E+11
3.17575E+11
3.17994E+11
3.18185E+11
3.18823E+11
3.19827E+11
3.20441E+11
3.20436E+11
3.20427E+11
3.20849E+11
3.21362E+11
3.21601E+11
3.21863E+11
3.22523E+11
3.23261E+11
3.23525E+11
3.23478E+11
3.23782E+11
3.24536E+11
3.25136E+11
3.25324E+11
3.25627E+11
3.26449E+11
3.27312E+11
3.27535E+11
3.27277E+11
3.27277E+11
3.27788E+11
3.28369E+11
3.28702E+11
3.28977E+11
3.29357E+11
3.29617E+11
3.29609E+11
3.29636E+11
3.30009E+11
3.3055E+11
3.30924E+11
3.31186E+11
3.31584E+11
3.32023E+11
3.32208E+11
3.32198E+11
3.32286E+11
3.32371E+11
3.32058E+11
3.31515E+11
3.31551E+11
3.32462E+11
3.33353E+11
3.33247E+11
3.32491E+11
3.32304E+11
3.33045E+11
3.33741E+11
3.33502E+11
3.3266E+11
3.32063E+11
3.31859E+11
3.3158E+11
3.31073E+11
3.30636E+11
3.30338E+11
3.29891E+11
3.29276E+11
3.28871E+11
3.28737E+11
3.28336E+11
3.27352E+11
3.26341E+11
3.26045E+11
3.26305E+11
3.26207E+11
3.25253E+11
3.23873E+11
3.2272E+11
3.21927E+11
3.21219E+11
3.20366E+11
3.19281E+11
3.17958E+11
3.16569E+11
3.15368E+11
3.14266E+11
3.12798E+11
3.10858E+11
3.09136E+11
3.083E+11
3.07879E+11
3.06642E+11
3.04195E+11
3.0157E+11
2.99862E+11
2.98841E+11
2.97464E+11
2.95362E+11
2.93107E+11
2.91113E+11
2.89069E+11
2.86699E+11
2.84392E+11
2.82592E+11
2.80973E+11
2.78814E+11
2.76032E+11
2.73282E+11
2.71033E+11
2.69016E+11
2.66732E+11
2.64085E+11
2.6127E+11
2.58376E+11
2.55401E+11
2.52478E+11
2.49739E+11
2.4704E+11
2.44119E+11
2.41019E+11
2.38063E+11
2.35386E+11
2.32721E+11
2.29766E+11
2.26537E+11
2.23244E+11
2.19993E+11
2.16764E+11
2.13548E+11
2.10336E+11
2.07085E+11
2.03839E+11
2.00768E+11
1.97899E+11
1.94911E+11
1.91476E+11
1.87775E+11
1.84356E+11
1.81408E+11
1.78452E+11
1.74955E+11
1.71005E+11
1.67134E+11
1.63671E+11
1.60566E+11
1.57709E+11
1.55018E+11
1.52192E+11
1.48822E+11
1.44965E+11
1.41271E+11
1.38216E+11
1.35447E+11
1.32252E+11
1.28558E+11
1.24976E+11
1.2186E+11
1.18844E+11
1.15544E+11
1.12249E+11
1.09426E+11
1.0682E+11
1.03676E+11
99907248128
96402030592
93818929152
91552825344
88469577728
84476076032
80708288512
78048485376
76047228928
73686769664
70767394816
67933356032
65493389312
62942019584
59877425152
56798806016
54466224128
52769636352
50860417024
48386166784
45973180416
44231868416
42795495424
40836104192
38266490880
35849908224
34131300352
32811171840
31361443840
29772435456
28308500480
26867433472
25124016128
23219765248
21762342912
20995002368
20394594304
19355709440
17956808704
16711762944
15779344384
14836668416
13682939904
12558514176
11767438336
11298214912
10960326656
10629298176
10184905728
9470941184
8574540800
7931544576
7812146176
7824770048
7330031616
6335099904
5539784704
5366166528
5381500928
4988877824
4325299200
3989377024
4058821632
3963930624
3406981120
2854092800
2818122752
3075573760
3048814592
2721893376
2621857792
2896686080
2965177344
2338522112
1399309312
962910208
1235980288
1624368128
1577969664
1244926976
1113837568
1274479616
1335771136
1023990784
589600768
497039360
829916160
1163894784
1054696448
555418624
153384960
203462656
535453696
701012992
531040256
297926656
319375360
566488064
760257536
731227136
532870144
273276928
29655040
-68541440
115111936
486862848
685665280
456442880
-884736
-226578432
-48633856
218708992
184608768
-129213440
-328226816
-147284992
193995776
202347520
-328053760
-1019087872
-1249604608
-819464192
-193819648
-161792
-346619904
-779963392
-880031744
-670244864
-377224192
-54965248

