158
128.472290
48.828125
5279.252258
-2386.763367
-779.337891
-1724.341797
-4565.011719
-5654.576172
-3879.298828
-1649.40625
-429.287109
-562.185547
529.662109
2672.472656
3213.863281
3644.017578
4161.789063
2707.357422
2499.496094
4301.271484
5825.208984
5814.210938
4032.740234
4544.988281
5220.972656
2733.953125
751.558594
1400.132813
2336.755859
1056.550781
-1240.970703
-4531.039063
-6071.626953
-1997.5625
2909.291016
4667.283203
8130.544922
22037.96484
51107.86719
94742.20313
149732.8125
211142.8594
269909
313802.25
338460.3125
352798.1875
363934.6875
369744.9375
372333.875
374876.6563
377380.1875
381962.3125
387901.25
392954.9375
399897.9688
409298.9688
418752.5938
431025.0938
448698.1875
470566.5313
493880.625
516409.1563
535003.75
541304.3125
530693.6875
509943.2813
486026.1563
463067.4688
444171.0938
428635.625
415252.375
403002.3125
392929.8125
386441.2813
381734.2813
378384.7188
378115.1563
379716.5313
381063.7188
382246.0938
383939.2813
387821.1563
395738.9063
407118.875
421698.875
440199.375
462381.6875
485233.2813
494567.5
477859.3125
442804.5625
403126.25
365118.5
332096.125
306347.5625
287453.7188
275108.875
268783.0625
263119.5313
254956.7969
247659.1719
243521.8281
240530.9844
236318.5
231058.0469
223630.9219
213324.9219
199386.4063
179074.1406
153886.7969
129543.4453
109196.0938
95204.33594
91732.17188
93670.59375
93765.14063
94501.46875
95971.39063
94546.1875
90608.89063
87770.03125
88141.98438
88171.64844
86888.59375
86552.83594
85896.3125
84694.33594
83041.66406
79105.03125
73225.21875
64738.03906
48922.63672
29997.62695
16453.03516
8148.320313
3903.689453
1440.421875
-1749.361328
-3634.822266
-3607.404297
-2785.916016
-346.169922
1992.994141
2376.564453
3303.740234
4177.712891
1839.173828
-1313.193359
-2235.738281
-235.798828
2254.640625
644.419922
-1574.132813
-644.716797
-297.380859
-1927.984375
-2622.90625
-2104.576172
-1083.371094
1358.230469
3497.3125
2912.951172

