592
128.472290
48.828125
16216.75226
-12640.66961
-1647.923828
-3005.999023
-4286.279297
-4979.368164
-4413.479492
-2581.345703
-442.207031
995.820313
1654.288086
2140.313477
3055.414063
4762.426758
7086.875977
9108.128906
9892.099609
9363.538086
7948.111328
5708.490234
2568.637695
-732.119141
-2668.229492
-2287.257813
-308.983398
1391.201172
1318.818359
-650.794922
-3434.982422
-5614.512695
-6406.157227
-6006.137695
-4997.423828
-3643.651367
-1863.938477
350.672852
2609.852539
4180.731445
4492.450195
3653.259766
2331.070313
1077.302734
-91.19043
-1396.235352
-2713.853516
-3536.382813
-3698.743164
-3788.605469
-4328.019531
-4890.12207
-4645.484375
-3385.120117
-1482.416016
531.620117
1893.685547
1836.263672
426.62793
-1248.518555
-2281.579102
-3123.727539
-4824.277344
-7223.522461
-8934.242188
-9123.953125
-8323.004883
-7405.588867
-6563.15332
-5407.014648
-3561.018555
-1040.990234
1546.709961
3104.634766
2784.536133
748.631836
-2046.149414
-4657.882813
-6493.763672
-7062.807617
-5822.552734
-2641.370117
1544.488281
5029.398438
6644.397461
6606.583984
5957.99707
5333.639648
4565.72168
3432.53125
2174.958008
1089.505859
193.050781
-540.151367
-980.613281
-899.241211
-104.685547
1300.014648
2859.819336
4167.289063
5060.604492
5339.433594
4713.21875
3157.449219
1182.661133
-215.450195
-74.749023
1674.09375
3950.120117
5368.591797
5269.582031
3986.838867
2441.039063
1537.901367
1708.308594
2772.099609
4125.4375
5098.930664
5331.628906
5037.912109
4995.981445
6076.110352
8436.818359
11176.06934
13143.61133
14055.2334
14456.0459
15055.50977
16691.39844
20218.20703
25539.41797
31249.16406
36015.98047
39931.48828
43859.85156
48034.55078
52039.92578
55551.94531
58365.01563
60257.19531
61509.13672
63327.95313
67256.88281
73872.69531
82158.53125
90500.51563
98086.30469
104952.9688
111269.3203
117319.7891
123786.7344
131191.9531
139014.8125
145995.4375
151548.6719
156451.4375
161960.5313
168660.5313
176327.9375
184521.0625
192928.5938
201184.6406
208746.1563
215289.4531
221192.4375
227531.0469
235580.4375
246028.7656
258325.2188
270909.9375
282363
292288.8125
301170.1875
309778.6563
318698.25
327973.875
337141
345696.5625
353414.3438
360365.625
367008.4375
374013.5313
381594.7188
389242.3125
396330.1875
402637.6875
408071
412367.0625
415626.4688
418789.0625
422710.625
426809.0313
429594.6563
430647.625
431129.4063
432317.5313
434512.0625
437318.7188
440214.875
442702.5313
444313.1875
444783.375
444337.375
443562.7188
442666.5625
441028.8438
437875.1563
433169.6563
427490.2188
421421.6875
415491
410243.7188
405902.5
402197.875
398834.9688
395898.0625
393426.4688
390763.1563
386835.0625
381191.625
374527.7813
368032.0938
362508.6563
358505.1875
356614.75
356671.0313
357141.5
356266.4688
353572.75
349761.7188
345530.3125
341161.5313
337000.5313
333574.6875
331237.7813
330091.4063
330046.625
330715.4375
331468.5625
331553.25
330167.8438
327069.7813
323218.2813
320195.2813
318954.4375
319428.5938
320895.4375
322070.875
321388.3125
318314.9688
314236
311195.0313
309986.9688
310001.6563
310446.1875
310993.6563
311323.5625
310840.75
309305.3438
307191.3125
305108.0938
303380.25
302121.0313
301155.6563
300231.0625
299726.0313
300518.4063
302720.5938
305041.2188
305850.0938
304836.9688
303379.4375
303281.9063
305403.5625
309337.0313
313936.3438
318134.8125
321435.7188
323698.0938
324966.5625
325882.0938
327542.0313
330335.6875
333387
335567.125
336750.0625
337732.3125
339081.8438
340485.4375
341253.4063
341153.2813
340656.9063
340447.375
340880.75
342181.1563
344784.7188
348826.0938
353491.4688
357538.2813
360510.375
363044.0625
365829.9688
368665.1875
370922.3438
372525.875
373872.3125
375381.125
377828.0938
382219.9063
388409.4063
394632.375
399237.9063
402378.4063
405615.625
410391.5313
417150.9375
425352.6875
433804.75
441295.6875
447324.75
452177.875
456364.5625
460188.0625
463813.7813
467696.5625
472684
479120.5
485945.1563
491477.7813
495033.2813
496964.25
497585.75
497228.4375
496937.9688
498035.4688
501116.9063
505841.75
511267.7188
516160.4688
519408.8438
520495.875
519696.8438
518074.3438
517247.5625
518454.3438
521356.0625
524110
524939.9375
523507.7813
520774.7813
517853.0938
515051.0313
511832.8125
507675.0938
502824.4688
498025.4063
493913.4688
491017.0313
489735.9063
489769.125
490111.5938
490109.1875
489836.0625
489022.5313
486571.75
481738.2813
475129.0938
468141.5938
461894.7813
456989.125
453762.0313
452092.625
451063
449414.125
446412.1875
442053.875
436735.75
430997.75
425229.625
419358.3438
412997.8125
406056.5
399212.3438
393605.2813
389749.5
386887.6875
383874.8438
380608.9375
378066.2188
376873.75
376319.0938
374974.25
372009.6875
367809.625
363634.5313
360703.25
359186.1563
357974.25
355720.5938
352206.5625
348464.5625
345514.75
343312.75
341077
338203.5625
334602.0313
330656.25
327160.9063
324843.0313
323721.7188
323021.1563
321572.0938
318480.4688
313823.6563
308621.5938
304049.5313
300844.5313
299131.0313
298355.5938
297606.8125
296330.4688
294771.5625
293682.0625
293379.7813
293091.9375
291624.4688
288496.6875
284033.125
278954.25
274260.4375
270670.1875
267702.625
263819.1875
257814.3125
250095.1875
242480.5
236514.9688
232197.0156
228497.1719
224484.5938
219785.4531
214642.6094
209511.5938
204056.3125
196931.7031
187185.0313
175617.7344
164359.9219
155151.1094
148043.1563
141636.3906
134498.5938
126320.3047
117895.2969
110278.7188
103830.7266
97860.03906
91356.35938
84064.53125
76531.33594
69262.5625
62380.03125
55975.59766
50129.13281
44532.96094
38614.04688
32269.04102
26344.07031
22016.50391
19440.22852
17294.6875
14082.21289
9748.400391
5703.543945
3297.052734
2560.060547
2573.305664
2682.30957
2810.631836
2895.400391
2787.042969
2645.624023
2829.095703
3265.21582
3367.618164
2846.385742
2202.492188
2031.206055
2151.841797
1774.307617
422.629883
-1446.96875
-2807.833008
-3076.681641
-2627.59082
-2248.483398
-2366.460938
-2901.091797
-3581.849609
-4204.303711
-4526.130859
-3991.664063
-1982.481445
1349.758789
4818.213867
7161.371094
8056.007813
7897.797852
6975.850586
5315.623047
3126.384766
929.209961
-886.635742
-2346.856445
-3542.753906
-4256.921875
-4189.830078
-3406.928711
-2302.379883
-1147.792969
92.757813
1510.077148
3067.488281
4637.485352
5898.765625
6184.780273
4878.206055
2263.567383
-306.663086
-1467.485352
-881.1875
911.460938
3069.177734
4492.654297
4184.1875
2397.431641
803.233398
806.494141
2118.623047
3375.294922
3724.445313
3457.18457
3396.220703
3973.31543
4705.832031
4446.802734
2396.005859
-1010.146484
-4273.808594
-5964.711914
-5787.930664
-4539.119141
-3155.402344
-2190.897461
-1936.882813
-2302.485352
-2677.09082
-2512.499023
-1928.485352
-1380.46875
-1076.050781
-1096.922852
-1735.053711
-3293.605469
-5598.571289
-7861.508789
-9001.12793
-8077.707031
-4868.472656
-488.477539
3021.236328
4278.695313
3480.230469
1692.698242
-356.674805
-2710.320313
-5508.100586
-8174.831055
-9803.353516
-10148.67383
-9611.047852
-8482.739258
-6737.069336
-4336.649414
-1409.709961
1687.458984
4266.212891
5572.152344
5479.335938
4677.744141
3984.204102
3707.098633
3605.209961
3099.439453
1747.744141
-139.910156
