1184
192.433441
24.414063
19237.46022
-9644.376312
-1591.955078
-1920.604492
-1921.597656
-1566.029297
-897.060547
-19.560547
923.698242
1781.587891
2422.272461
2753.464844
2732.5
2366.089844
1701.760742
814.597656
-206.407227
-1268.957031
-2283.899414
-3169.222656
-3854.78418
-4289.873047
-4452.53125
-4356.384766
-4050.130859
-3607.511719
-3110.130859
-2629.080078
-2211.962891
-1879.475586
-1631.666016
-1460.24707
-1361.108398
-1341.162109
-1415.955078
-1598.616211
-1885.019531
-2242.467773
-2608.155273
-2899.397461
-3032.236328
-2941.418945
-2594.552734
-1996.329102
-1183.106445
-211.639648
853.041016
1946.572266
3009.259766
3985.942383
4824.359375
5475.150391
5895.271484
6053.858398
5937.355469
5550.959961
4916.521484
4070.485352
3065.864258
1978.123047
908.982422
-20.554688
-692.772461
-1027.165039
-1012.617188
-721.927734
-298.404297
83.886719
272.621094
182.553711
-183.358398
-743.425781
-1370.516602
-1933.499023
-2330.577148
-2505.400391
-2446.608398
-2178.089844
-1747.682617
-1217.981445
-658.364258
-135.891602
295.374023
604.171875
787.283203
867.842773
887.09668
892.322266
924.670898
1010.345703
1157.214844
1357.086914
1591.932617
1841.176758
2087.411133
2319.3125
2532.015625
2725.856445
2903.915039
3068.256836
3215.079102
3330.083008
3386.47168
3347.745117
3175.860352
2843.229492
2345.608398
1712.525391
1011.983398
346.483398
-161.641602
-394.94043
-270.898438
231.121094
1055.522461
2075.033203
3114.370117
3986.855469
4534
4658.047852
4340.463867
3643.463867
2695.277344
1662.477539
714.824219
-9.825195
-431.798828
-539.477539
-379.720703
-32.597656
419.634766
917.19043
1432.045898
1960.166992
2502.834961
3047.994141
3561.90625
3995.725586
4303.65625
4463.258789
4487.268555
4420.700195
4324.607422
4254.512695
4243.748047
4298.842773
4407.570313
4553.90918
4730.853516
4943.431641
5199.555664
5493.28125
5790.020508
6023.475586
6108.796875
5968.483398
5561.101563
4901.321289
4063.395508
3166.428711
2345.791992
1719.03125
1356.188477
1263.420898
1384.983398
1622.713867
1865.994141
2021.558594
2033.197266
1886.113281
1597.353516
1199.381836
725.992188
207.383789
-324.651367
-826.964844
-1239.683594
-1492.438477
-1522.905273
-1300.736328
-845.443359
-228.324219
444.473633
1061.801758
1538.314453
1834.374023
1958.87793
1956.646484
1887.725586
1807.263672
1752.157227
1736.964844
1758.485352
1806.425781
1876.075195
1977.794922
2138.56543
2393.550781
2770.316406
3272.417969
3870.085938
4502.797852
5093.214844
5567.140625
5871.990234
5987.329102
5924.567383
5717.445313
5408.644531
5039.219727
4645.390625
4262.566406
3931.603516
3700.330078
3615.677734
3707.462891
3970.913086
4358.018555
4785.618164
5160.958984
5416.188477
5536.674805
5568.567383
5599.78125
5721.950195
5991.513672
6409.395508
6929.022461
7486.615234
8034.947266
8559.678711
9067.959961
9556.269531
9978.355469
10235.99316
10203.39258
9777.033203
8927.55957
7727.737305
6341.686523
4978.99707
3833.010742
3027.995117
2593.875977
2474.174805
2559.513672
2731.140625
2898.40332
3019.485352
3102.599609
3191.571289
3343.253906
3604.483398
3994.688477
4498.0625
5066.866211
5634.617188
6134.917969
6519.583008
6769.839844
6897.168945
6934.426758
6921.419922
6890.475586
6856.823242
6816.480469
6751.878906
6643.174805
6481.492188
6279.633789
6076.424805
5932.654297
5918.878906
6097.580078
6503.936523
7130.763672
7923.3125
8787.563477
9610.930664
10288.5957
10745.37988
10944.98828
10885.41211
10587.12598
10084.21191
9424.973633
8680.238281
7950.047852
7358.137695
7029.698242
7057.713867
7470.624023
8214.907227
9160.195313
10125.6582
10919.39258
11380.00586
11411.03613
11001.90527
10231.93359
9256.475586
8277.229492
7502.391602
7105.410156
7192.013672
7783.069336
8816.363281
10165.64941
11671.88867
13179.95313
14573.43066
15799.77051
16878.54102
17888.83594
18938.54688
20126.04492
21508.7832
23090.11523
24825.81641
26641.98047
28452.55664
30169.86719
31710.41406
33003.53516
34007.53125
34729.50781
35237.94531
35657.48438
36143.27344
36842.92578
37860.21484
39233.54688
40934.98828
42887.28125
44990.76563
47150.73828
49297.80078
51397.23047
53447.24219
55469.55469
57497.58203
59567.15625
61711.67969
63960.14063
66334.99219
68848.01563
71495.39063
74254.67969
77085.86719
79936.4375
82748.85938
85469.14844
88055.70313
90487.79688
92771.85938
94942.42969
97055.52344
99175.36719
101359.1016
103645.5938
106052.2344
108578.7969
111214.2188
113941.6563
116740.5859
119588.2031
122463.3516
125353.6484
128262.6875
131212.2188
134236.0313
137367.2969
140626.1406
144014.7969
147523.7813
151144.9844
154881.8281
158748.0469
162753.2188
166882.8281
171085.9531
175280.7031
179378.3906
183316.9531
187088.9688
190752.3906
194419.7031
198229.5469
202309.9531
206743.3438
211541.7969
216638.875
221901.8125
227163.1875
232265.8281
237107.5
241670.0313
246019.8281
250278.5625
254574.2969
258992.2969
263544.1563
268165.5938
272741.0938
277144.5313
281281.0938
285115.9688
288681.9063
292063.7813
295366.6563
298678.2813
302039.3125
305431.0938
308783.9375
312003.5938
315006.0938
317750.0625
320255.3438
322600.4063
324899.6875
327268.4063
329788.8125
332490.375
335350.1563
338310.875
341305.8438
344279.0313
347191.1563
350011.0938
352699.3125
355194.25
357411.1875
359258.3438
360664.5313
361608.0313
362133.9063
362351.1563
362409.9688
362466.25
362645.4375
363016.6875
363585.1563
364302.5625
365091.7188
365874.1563
366590.875
367208.75
367713.625
368096.25
368341.0938
368424.375
368321.8125
368020.5
367527.0625
366867.2813
366077.375
365192.375
364238.4063
363232.125
362186.0313
361113.8438
360031.5625
358953.25
357885.0625
356821.75
355746.7188
354634.625
353453.5
352166.9375
350738.6563
349141.0938
347366.9063
345437
343399.1875
341314.2813
339234.4063
337181.7188
335139.0313
333057.25
330877.8125
328560.6563
326104.375
323548.1875
320954.0625
318376.125
315831.5625
313286.8125
310666.4375
307882.2188
304871.1875
301628.5938
298221.875
294780.1875
291462.7188
288416.0625
285735.5
283442.4375
281483.7188
279751.8125
278117.7813
276467.9063
274734.0625
272910.8125
271054.5625
269264.4688
267649.5938
266292.0313
265217.8125
264385.7813
263697.125
263021.4063
262229.25
261222.1094
259952.5313
258432.2813
256728.8125
254951.1094
253227.6875
251680.4531
250399.9844
249427.75
248749.7813
248303.1875
247994.7656
247727.0938
247426.0156
247060.8125
246649.5469
246245.9375
245911
245680.1563
245538.9531
245418.3906
245211.375
244803.9219
244108.5
243088.6875
241768.75
240228.2969
238585.5313
236974.125
235517.8125
234306.9219
233381.75
232727.8594
232285.75
231972.875
231710.4688
231444.6094
231153.3906
230838.5313
230507.6875
230158.3906
229771.8281
229318.625
228770.75
228111.625
227339.3594
226464.4219
225507.0313
224498.7031
223487.0781
222538.2813
221730.25
221135.4063
220797.8906
220715.9531
220838.5
221078.7969
221339.6563
221539.8906
221631.6563
221604.25
221475.7813
221279.5313
221051.2031
220822
220617.0625
220456.9844
220359.0469
220336.9844
220400.4219
220555.6563
220807.3906
221159.9844
221615.6719
222170.2969
222809.5
223508.4531
224235.5
224956.5781
225636.4531
226236.0469
226709.9219
227010.125
227099.6563
226972.7656
226672.9063
226297.8906
225985.2969
225878.7813
226083.8125
226627.5938
227438.9531
228359.4531
229186.9688
229739.7656
229918.875
229744.6875
229352.3906
228947.0938
228736.5156
228866.625
229383.5156
230230.9219
231279.25
232370.3281
233361.4531
234156.4688
234720.25
235078.5938
235308.0781
235519.125
235834.0781
236362.1563
237175.6406
238293.6094
239679.6406
241255.5781
242926.9844
244611.0625
246256.7344
247850.7813
249411.375
250975.1094
252585.5156
254286.2813
256117.8906
258112.7969
260285.7969
262621.5313
265064.8125
267521
269870.1875
271993.0625
273801.7813
275266.75
276430.5
277403.4688
278341.5938
279410.9688
280749.2813
282435.1563
284474.6875
286808
289331.3125
291925.8438
294483
296920.4063
299188
301268.25
303174.4375
304947.2188
306647.2813
308340.9375
310080.625
311886.9688
313741.6563
315596.5
317394.9688
319096.8125
320693.4688
322209.3125
323689.6875
325184.0625
326732.1563
328357.625
330068.0625
331857.8125
333709.0313
335590.1875
337454.9063
339244.875
340899.4063
342369.0938
343627.875
344677.8438
345544.8125
346267.4375
346886
347436.2188
347950.4688
348465.25
349030.1563
349712.5
350593.1563
351752.0625
353247.25
355095.2813
357261.1875
359662.125
362183.125
364697.8438
367087.125
369250.375
371109.9063
372611.9688
373729.4688
374468.9063
374879.1563
375055.9375
375134.4063
375266.6875
375588
376182.5938
377061.9375
378163.3438
379368.6563
380535.9063
381533.25
382267.0625
382699.5938
382854.3125
382809.5938
382681.2813
382597.4688
382670.1875
382970.875
383514.9688
384259.5
385113.625
385958.375
386670.5313
387144.4063
387307.5
387128.8125
386621.5625
385841.3438
384880.0938
383853.5
382881.4063
382064.125
381462.625
381089.4688
380914.2188
380879.0625
380916
380959.75
380953.75
380852.3438
380623.125
380250.1875
379736.2188
379101.9063
378381.625
377617.1875
376851.1875
376120.0938
375446.5313
374832.125
374253.3438
373664.0313
373006.1875
372225.4688
371286
370177.9063
368915.8125
367530.5625
366059.5625
364540.5
363009.3125
361500.2188
360043.5625
358660
357352.6875
356102.8438
354873.2813
353621.5938
352318
350959.6563
349572.125
348195.5625
346860.1563
345562.5
344256.25
342864.3125
341309.625
339550.9375
337605.9688
335549.875
333489.8438
331527.6875
329728.5625
328107
326631.2813
325236.9063
323839.5938
322343.8125
320650.9063
318672.5938
316350.4063
313675.1875
310695.875
307511.9375
304250.0313
301034.5313
297961.5313
295084.625
292413.3438
289920.7188
287554.3125
285246.9375
282924.9375
280516.3125
277960.5313
275221.9375
272303.875
269257.5313
266177.3438
263178.4688
260361.8438
257779.2344
255415.1406
253193.8438
251008.0469
248753.8125
246355.2969
243771.125
240986
237998.5156
234814.7969
231450.1563
227933.5625
224308.1563
220624.2813
216926.4375
213239.4688
209559.9688
205856.9531
202083
198193.1094
194165.8906
190018.5625
185808.6719
181619.6875
177534
173603.6406
169830.5156
166164.8594
162522.7188
158815.5469
154980.4531
150999.6875
146903.0313
142753.1406
138620.5938
134559.2031
130591.5469
126709.625
122888.6094
119105.8047
115355.4219
111653.1406
108030.1406
104520.8828
101151.0625
97929.97656
94849.25
91886.64844
89012.86719
86198.64844
83420.1875
80661.875
77916.14063
75181.30469
72458.42969
69747.90625
67046.63281
64347.26953
61641.87109
58930.64063
56233.375
53596.92188
51091.42188
48792.63672
46755.55859
44990.63672
43453.8125
42055.14844
40682.21094
39228.95703
37620.91016
35831.01172
33884.66797
31854.28906
29844.1875
27967.65625
26320.59766
24958.76953
23886.375
23060.75977
22411.99219
21870.03125
21388.62891
20956.20703
20589.60352
20314.11719
20139.62891
20044.00781
19971.07422
19843.15234
19581.69531
19127.1875
18451.83984
17563.69141
16504.50391
15344.42773
14173.90527
13090.86621
12181.79785
11499.55371
11045.69336
10766.62207
10568.46387
10347.49316
10025.56055
9577.445313
9040.234375
8501.629883
8071.543945
7847.053711
7883.142578
8179.525391
8687.170898
9329.544922
10027.33984
10715.49805
11347.64356
11891.15039
12320.44531
12614.25684
12756.9834
12740.49023
12563.39746
12228.91113
11745.0625
11129.97461
10420.23242
9676.326172
8978.865234
8413.423828
8048.15918
7913.09082
7990.31543
8219.948242
8519.452148
8808.052734
9026.347656
9144.582031
9159.125977
9081.832031
8928.791016
8713.305664
8444.527344
8130.083984
7779.817383
7408.19043
7034.494141
6681.365234
6372.667969
6131.385742
5977.219727
5923.136719
5970.699219
6105.655273
6296.869141
6501.448242
6676.269531
6792.00293
6843.141602
6848.808594
6844.100586
6867.271484
6950.157227
7116.085938
7383.442383
7768.495117
8281.850586
8918.402344
9646.889648
10407.17969
11119.51856
11702.83301
12093.7832
12258.15234
12191.00488
11908.26465
11436.05273
10803.54688
10041.52539
9184.74707
8274.291016
7356.78125
6480.046875
5687.297852
5012.759766
4480.318359
4104.4375
3891.198242
3837.97168
3932.319336
4152.488281
4471.408203
4863.630859
5311.791992
5808.447266
6351.290039
6933.700195
7535.555664
8119.543945
8635.640625
9032.379883
9270.134766
9330.236328
9215.317383
8940.450195
8519.62207
7955.114258
7236.337891
6349.74707
5295.569336
4103.588867
2840.724609
1606.591797
517.504883
-317.206055
-820.431641
-966.910156
-790.791016
-377.568359
158.317383
703.769531
1175.367188
1536.115234
1794.885742
1989.579102
2161.930664
2335.734375
2508.347656
2657.972656
2760.125977
2801.737305
2784.044922
2714.219727
2594.09082
2416.0625
2170.225586
1857.579102
1499.436523
1135.993164
814.961914
577.770508
451.245117
447.487305
568.327148
808.169922
1151.727539
1568.43457
2009.313477
2411.914063
2714.694336
2876.426758
2892.251953
2798.300781
2661.490234
2557.870117
2548.03418
2659.09668
2879.367188
3166.308594
3463.441406
3719.366211
3902.230469
4005.25
4042.326172
4036.381836
4005.539063
3952.836914
3863.62207
3711.811523
3473.108398
3140.746094
2738.128906
2323.042969
1980.091797
1801.463867
1860.19043
2183.443359
2734.929688
3414.125
4075.600586
4564.858398
4760.069336
4605.359375
4123.382813
3402.984375
2568.004883
1740.424805
1011.331055
427.163086
-9.225586
-328.147461
-578.924805
-814.916992
-1078.492188
-1387.30957
-1725.481445
-2044.25293
-2274.753906
-2350.515625
-2232.549805
-1927.561523
-1491.748047
-1017.740234
-608.407227
-346.080078
-267.561523
-353.485352
-535.629883
-719.295898
-812.240234
-749.457031
-505.533203
-92.310547
453.885742
1087.65918
1765.742188
2451.453125
3114.327148
3728.972656
4276.088867
4745.875
5141.629883
5480.682617
5790.666992
6100.865234
6430.140625
6774.689453
7100.037109
7341.787109
7417.662109
7249.383789
6788.291016
6035.660156
5049.563477
3934.708008
2818.329102
1820.59082
1029.554688
487.966797
193.392578
107.722656
169.640625
305.242188
436.155273
487.87793
401.202148
146.356445
-264.649414
-774.084961
-1287.744141
-1697.393555
-1910.783203
-1879.620117
-1615.34082
-1185.870117
-693.208008
-239.330078
106.849609
328.673828
460.206055
566.085938
712.469727
941.083008
1255.070313
1619.188477

