238
192.433441
24.414063
6737.459961
951.32703
-1222.90625
-2909.724609
-4016.335938
-3858.337891
-2680.378906
-1413.183594
-680.029297
-210.939453
690.695313
2222.744141
3731.222656
4247.460938
3345.337891
1537.201172
-124.076172
-892.826172
-852.917969
-605.962891
-506.859375
-375.273438
12.921875
443.539063
577.378906
624.447266
1272.574219
2773.246094
4419.238281
5293.107422
5456.011719
6020.589844
7881.617188
10572.94922
12623.50586
13045.32031
12308.02539
11775.03711
12323.82422
13764.42578
15683.65234
18565.94336
23616.4082
31346.13086
40759.37891
50472.83594
60661.53125
73480.64844
91375.41406
115268.5469
144610.3281
178787.9375
217848.6719
261786.5313
309654.3125
359709.125
410165.5625
459479.3438
506094.0625
548429.8125
585376.3125
616711.375
642986
665096.625
683938.375
700229.5625
714490.5
727234.25
739225.5
751417.5
764497.625
778562.75
793375.3125
808882.625
825317
842786.5625
860968
879347.5
897705.5
916211.9375
934924.0625
953109.6875
969070.3125
980815.625
987204.625
988563
986087.125
980551.9375
971700.4375
959018.9375
943016.6875
925533.9375
908739.5
893907.0625
881098.25
869750.9375
859381.75
849874.875
841432.125
834421.5
829193.4375
825897.625
824426.8125
824556.6875
826144.3125
829184.25
833721.6875
839833
847777.3125
858045.5625
870924.875
885767.375
900858.1875
914463.4375
926192.875
936948.5
947044.5625
954417.5625
955200.25
946420.5625
928123.8125
902895.375
873684.5625
842330.25
809772.9375
776911.375
744901.875
714891.4375
687747.125
663950.25
643557
626279.1875
611659
599056.6875
587464.3125
575706.3125
563213.8125
550477.875
538272.25
526291
512869.5313
496237.7188
475827.1875
452215.8125
426162.375
398137.4375
368673.2813
338671.875
309212.0625
281330.25
256067.2813
234332.0313
216379.625
201596.8125
189141.7813
178775.0781
170817.4688
165319.1875
161564.1563
158499.0781
155477.5625
152521.5313
150053.625
148473.5781
147764.4688
147275.2188
145992.3125
143271.75
139319.8594
134819.2969
130127.625
125005.6563
119045.5781
112055.3281
103968.6016
94742.24219
84643.48438
74460.46875
65057.51953
56672.89844
48882.65625
41305.28906
34125.12891
27833.88672
22676.54492
18530.2832
15169.55664
12399.19531
9975.332031
7671.248047
5539.568359
3979.671875
3434.425781
4045.257813
5568.728516
7436.304688
8795.152344
8715.708984
6733.351563
3353.087891
-81.677734
-2181.408203
-2308.759766
-804.111328
1326.634766
2913.9375
3128.701172
1897.699219
-11.224609
-1426.285156
-1495.189453
-166.714844
1853.009766
3524.498047
4019.244141
3196.712891
1745.894531
718.839844
670.666016
1203.119141
1461.816406
1079.484375
480.269531
231.314453
321.349609
286.171875
-54.705078
-271.367188
167.056641
1224.613281
2309.236328
2913.927734
3112.955078
3390.5625
4062.798828
4934.257813
5502.5625
5436.052734
4809.345703
3894.523438
