534
288.843170
48.828125
20196.96094
-5828.429687
297704448
97988096
587172096
471108096
106225152
-176175616
217466112
753034752
210301696
494871552
469989632
-18945280
191507200
571972096
77508352
562823936
594699776
-345915648
185289216
324579072
500407040
601145600
-200629248
-41764352
753076992
129528832
-149744128
427148544
317339648
443820288
463614208
555509504
580379392
347773184
484034816
596881408
567826688
477890816
156168192
52455424
199517440
211837440
149042944
-87828224
480172800
571008512
122369280
390536192
265738752
146874880
220971520
352747008
-162175744
-258360832
371736832
3040256
215550464
336944640
-46820864
324240896
338738176
598609408
879507456
821024768
633181952
171647744
779805696
845487104
319122432
593508608
679817728
394840832
43594240
469726464
527057920
-148684032
327641344
801538048
623862784
822825728
503361792
630759936
708542464
498704384
373307392
-289132032
472606976
-106542336
117122304
798623232
-290489088
480007168
233690624
913363968
1132880640
410080512
1050685184
431540224
790539008
901922304
354515456
406842880
706879744
637721088
1086074880
1640046080
620139264
921321216
1331199744
1514185216
1719960832
1077187840
1597595904
2296776960
2593779200
2582577408
2474353152
2889433088
3033983232
3506338048
3976650240
4286859264
5100933120
5267264000
5681414656
6346826752
7094321152
8043742208
8364380160
9168764928
10195052544
11200446464
11784121344
12401950720
13581128704
14516406272
15438193664
16337766400
18123102208
19307974656
19695300608
21381722112
22506952704
23903891456
25965631488
26717415424
28214366208
29930577920
31346804736
33057361920
34392010752
36520046592
38490456064
40297615360
42037379072
43527421952
45644955648
47572361216
49148268544
50791161856
53001424896
54857977856
56259801088
57944379392
59579699200
61458690048
63087157248
64348778496
66140663808
67846447104
68841963520
70007881728
70978658304
71619977216
72537997312
73275318272
74403692544
75268210688
75350425600
76258566144
76753788928
76808790016
76782436352
76564889600
76910673920
76547260416
76979224576
77439254528
77169008640
76805505024
76462243840
76706103296
75543281664
74884317184
74525917184
73723355136
73169608704
72222826496
71867645952
71591411712
71101399040
70025027584
68898414592
68333948928
68071325696
67160858624
66277298176
65630380032
64653463552
64468430848
63946760192
62959665152
62535217152
62743662592
61713059840
61127307264
61476962304
60640452608
60055695360
59603697664
59259179008
58582335488
58658906112
58637926400
58184937472
58444021760
58005610496
57419223040
56980586496
56838201344
56743772160
56757825536
56276881408
56285659136
56208367616
55811338240
55854837760
55427567616
55722471424
55123558400
55453761536
55850663936
55281516544
55506202624
55070294016
55212294144
55245582336
55311527936
55339712512
55190155264
55418916864
55038984192
54951718912
55767416832
55226241024
54737502208
55483392000
55143514112
55728291840
55935115264
56054370304
56404525056
56304377856
56350916608
55745044480
56491032576
56420773888
56579559424
57249751040
56925970432
57065132032
57436344320
57775099904
57945485312
58749648896
58760519680
58805309440
59008937984
59474644992
60148838400
60229857280
60791001088
60809666560
61069983744
61486645248
61873299456
62169391104
62862344192
63007952896
63259734016
64445566976
64108036096
64592195584
65312198656
65800085504
66479157248
67495321600
68087853056
67847467008
69013569536
69152759808
69419646976
70323994624
71059775488
71381639168
71403495424
72191090688
72341364736
73282322432
73442189312
73620152320
75058823168
75552415744
75983765504
76165349376
76909117440
77645152256
77682614272
78378270720
79397871616
80027099136
80530980864
81105223680
81314209792
82148859904
82899607552
83185819648
84076830720
84197670912
84359217152
84966858752
84977287168
85351505920
85913952256
85775638528
85383684096
85753233408
85762170880
85440397312
85399953408
84744585216
84000497664
83730628608
83937468416
82806022144
81302249472
81152876544
80365273088
79186968576
78431895552
77574889472
77021323264
75948580864
74040729600
73023864832
71955529728
70862897152
69153857536
66923167744
65828786176
64316178432
62653665280
60392443904
58370101248
56655396864
54813573120
52712243200
50412032000
49040556032
46112530432
44019097600
41886334976
39478820864
38178414592
35475525632
33668743168
31262806016
28638703616
26744975360
24782159872
23062421504
21061584896
19296698368
16767005696
15314956288
14140704768
12199264256
11447819264
10181150720
8683982848
7881428992
7044953088
6076564992
4728966656
4497340928
4420643840
3453412608
3237517056
2561391104
2230575616
2236805120
1642287872
1558361088
1452338944
1249688064
952353280
645706752
498337280
643489792
552816128
511583488
640442880
382598400
509154816
373720064
39508480
84292096
94555904
433137152
329997056
-290935808
66377984
-57835520
-269626368
409321984
529485568
622441216
868914688
434917376
-77754112
138908672
-349241088
-8356352
188610560
-283470336
868706048
477286400
-473548800
-354655488
101431296
-25558272
-228762880
204687104
202293760
-409064448
-705400832
408981504
157948928
-364743680
-398438400
-223532800
-64568064
-70588672
345428992
-370923008
194128640
-36652032
-273449216
414232320
260466944
665234432
390329344
314691584
464888832
217244928
-435706624
83949568
373483008
71157248
110876672
-299294976
193504768
-2545152
211422464
-19238144
-525725440
145962496
436072192
312022272
314392320
979044608
335547392
140003584
361165312
-45728512
-22084352
39408896
333275392
-190908672
-84439552
343344128
-217502464
-224847616
263390720
-63552768
-509724672
-43206912
-380745472
-399694592
462494208
84532480
-49140736
-11113472
-89720832
183964160
-105552640
78034176
391138304
-41768448
-360427264
49914624
-30192384
157502976
248226816
-179455744
113982464
-310760704
6195200
14436096
24988416
175360768
101703424
426429952
-305800704
466299136
99376384
-435773696
88367360
-220620800
-427328000
-510234368
179536896
-69891584
-26452224

