238
288.843170
24.414063
10113.95232
4327.819393
205796864
161579008
54653952
-18110464
-26157568
-4169728
17913344
28545024
9941504
-32939008
-35545088
54363136
165010432
156762624
31622144
-10683392
178860032
457929728
536252416
356133376
185637888
269404672
507621888
602684928
456031744
265870848
230726656
309662208
347368448
319400960
330590208
423441920
521745408
571013632
620140032
718350848
819364864
857994240
863521280
913961984
1007234048
1067044352
1078069248
1128942592
1287516160
1500625408
1669783552
1780722176
1897508864
2058031104
2248326144
2477934080
2806771712
3268605440
3822503936
4422319616
5096779264
5912855552
6888364544
8005822976
9312151552
10937483264
12982150144
15430920192
18230472704
21434949632
25219780608
29731729408
34946945024
40689078272
46770708480
53104922624
59692789760
66522996736
73487990784
80389234688
87015890944
93216874496
98910986240
1.04066E+11
1.08712E+11
1.12963E+11
1.16985E+11
1.20872E+11
1.24579E+11
1.27986E+11
1.31044E+11
1.33816E+11
1.36371E+11
1.38684E+11
1.40654E+11
1.42202E+11
1.43308E+11
1.43961E+11
1.44141E+11
1.43863E+11
1.43211E+11
1.42305E+11
1.41234E+11
1.40049E+11
1.38815E+11
1.37629E+11
1.36581E+11
1.35721E+11
1.3507E+11
1.34642E+11
1.34443E+11
1.34456E+11
1.34626E+11
1.34893E+11
1.35202E+11
1.35508E+11
1.35758E+11
1.35869E+11
1.35724E+11
1.35195E+11
1.34183E+11
1.32653E+11
1.30624E+11
1.28148E+11
1.25276E+11
1.22055E+11
1.18532E+11
1.1476E+11
1.10807E+11
1.0676E+11
1.02696E+11
98645909504
94586593280
90470293504
86244098048
81847386112
77229522944
72408702976
67501670400
62656684032
57955737600
53420417024
49116012544
45185069056
41723019264
38650417152
35775606784
32987029504
30326652928
27863271424
25565747200
23351678976
21204328448
19155888128
17173647360
15166102528
13140371456
11271028736
9730255872
8479600128
7311242752
6097800704
4928202752
3971153408
3270931456
2734333952
2277666304
1906972672
1647610368
1462754816
1283705344
1089644544
912291328
767020032
619308544
438611968
266413056
197844480
276091392
413290496
450767360
326750208
166473216
153191936
295230464
380358656
221127680
-86816256
-241561600
-90635264
173730304
242346496
59810304
-130594816
-108436480
65504256
170953216
131209728
86428160
168200192
303527936
308654592
137760768
-37746176
-17223680
201041408
415611392
441854976
304730624
188042752
205242880
269513216
223776768
63093760
-46102528
19006464
179289600
269966336
263924224
283493888
394148352
493737472
460676096
331714048
242652672
233639936
219006464
149715968
96053248
123025408
173702656
157913088
101786624
111727104
209391616
302015488
326557184
326091264
344688128
338212352
262483456
179187200
